string length=40000		z=256
Number of	Black Position: 4000	White & Grey position: 36000
Elapsed time for processing is 2.97702 seconds
5 4 4 5 5 4 4 3 2 5 4 4 4 4 3 2 4 4 5 4 
4 4 4 3 2 5 5 4 4 4 3 2 5 3 2 3 2 5 4 4 
4 5 3 2 5 4 5 4 4 4 5 4 5 5 5 4 4 4 5 5 
4 5 5 5 4 5 3 2 5 5 5 4 4 5 4 4 4 4 5 4 
5 5 4 5 5 4 4 4 5 4 5 5 3 2 5 4 4 3 5 4 
4 3 2 4 4 3 2 5 5 5 3 2 3 2 5 4 4 4 3 3 
2 4 3 3 2 4 3 2 5 4 5 4 3 2 4 5 5 4 3 4 
4 4 4 4 5 4 5 5 5 4 4 3 4 3 4 5 5 4 4 4 
5 4 5 5 5 4 4 4 3 2 5 3 2 5 5 4 3 2 5 3 
2 5 3 2 5 4 5 5 3 2 4 4 4 5 5 4 5 5 5 4 
5 4 4 5 4 5 5 5 5 3 2 4 4 5 5 5 4 5 4 4 
3 3 2 5 4 4 4 5 3 2 3 2 5 4 4 3 2 5 4 3 
2 5 5 5 4 4 3 2 2 4 4 4 4 4 4 5 4 5 5 4 
3 2 5 5 4 4 5 3 2 3 2 5 3 4 3 5 4 4 3 2 
5 4 4 5 4 5 5 5 4 5 4 4 4 5 4 4 5 4 4 4 
5 5 4 4 4 5 5 4 4 3 4 4 4 4 4 4 3 2 2 4 
4 5 5 5 4 4 3 2 5 4 5 3 2 5 3 2 2 5 4 4 
4 3 2 5 5 5 4 4 5 4 5 3 2 5 5 4 4 4 4 5 
5 5 4 5 5 4 4 3 4 4 4 5 5 4 3 2 2 5 5 5 
4 4 4 5 5 5 4 5 3 2 2 4 4 3 4 5 4 5 4 4 
5 5 4 5 5 5 4 4 3 2 5 4 4 5 4 4 5 4 4 5 
4 3 2 5 4 4 4 5 3 2 5 4 5 4 5 4 4 4 4 4 
5 5 4 4 3 4 4 3 3 3 2 3 2 5 4 4 4 5 4 4 
5 5 4 4 3 4 5 4 4 3 3 4 4 5 4 3 2 5 4 3 
2 3 2 5 5 5 4 4 4 5 4 4 5 5 5 4 5 4 5 4 
4 4 3 2 5 4 5 5 4 4 3 4 3 3 2 5 3 2 4 4 
4 5 4 3 2 5 3 2 5 4 4 3 4 4 5 4 4 3 2 4 
4 4 5 5 4 4 3 4 4 5 5 4 4 5 5 4 4 4 3 3 
2 2 5 5 4 5 5 3 2 5 4 5 4 3 2 5 4 4 3 2 
5 4 4 3 2 2 5 4 4 4 4 3 2 4 4 5 4 4 5 4 
4 4 5 4 4 5 4 4 4 5 5 4 4 3 3 4 4 4 4 4 
4 4 4 5 5 5 5 4 4 3 2 5 4 5 5 3 2 4 4 4 
4 4 4 3 2 4 4 4 5 4 4 4 4 5 3 2 5 4 3 2 
2 2 5 4 5 3 2 3 2 4 4 4 5 4 4 3 5 4 4 3 
5 4 5 5 5 5 5 5 5 3 2 5 4 4 3 2 5 3 4 4 
3 4 4 5 4 4 4 5 4 4 5 5 3 2 5 4 4 4 5 4 
4 4 5 5 4 3 2 5 4 4 5 4 3 2 5 3 2 5 4 4 
4 5 5 4 4 3 4 4 5 4 5 5 3 2 5 5 4 4 5 5 
4 4 3 2 5 4 4 5 5 4 5 3 2 5 4 3 2 4 3 2 
2 3 2 5 5 5 5 5 5 5 5 4 3 2 5 4 4 5 4 5 
4 4 4 4 5 5 5 4 5 5 5 4 5 4 4 5 4 4 5 3 
2 5 4 5 4 3 2 4 4 3 2 5 4 4 3 4 3 4 4 4 
4 5 4 5 5 4 3 2 2 2 4 4 3 2 5 5 5 4 5 5 
5 4 3 2 5 4 5 5 5 4 4 4 5 4 4 4 5 3 2 5 
4 4 4 4 5 5 3 2 5 3 2 5 4 3 2 5 5 4 4 4 
4 5 4 4 3 5 3 2 5 4 4 5 4 5 4 5 5 4 3 2 
2 4 4 4 5 5 4 4 5 4 4 4 3 2 4 5 5 4 4 3 
2 5 4 5 4 5 4 3 2 3 2 5 4 4 4 4 5 4 4 4 
4 4 5 4 3 2 2 3 2 5 5 4 4 4 5 4 4 4 3 2 
5 5 5 5 4 4 4 4 4 4 5 5 4 4 3 3 2 4 4 4 
4 4 4 3 5 5 4 4 4 4 3 2 4 4 4 3 2 4 5 5 
4 4 3 4 3 2 4 4 4 4 5 4 4 3 2 5 5 4 4 2 
4 4 4 4 5 5 3 2 2 5 4 4 4 5 5 5 4 4 4 5 
5 4 4 3 3 2 2 4 4 3 2 2 5 5 4 4 4 5 4 3 
2 3 2 5 5 5 4 3 2 3 2 5 4 4 5 5 3 2 5 4 
3 2 3 2 5 4 5 4 5 5 5 4 3 2 3 2 4 5 4 5 
5 3 2 5 4 4 4 4 4 5 4 4 4 4 3 2 5 4 4 5 
5 4 4 3 3 2 5 4 5 5 4 4 5 5 4 4 3 2 5 4 
5 4 5 4 3 2 5 4 5 3 2 5 5 5 5 3 2 4 3 2 
2 4 3 2 3 2 5 4 4 4 4 5 4 5 5 4 5 5 4 5 
4 4 4 5 4 4 5 4 4 3 3 2 5 4 3 2 3 2 5 4 
5 5 4 4 4 4 4 5 5 4 4 5 3 2 5 4 3 2 5 5 
5 4 4 3 4 3 4 4 5 5 5 3 2 5 3 2 5 4 4 4 
3 3 2 5 4 3 3 2 5 4 4 5 5 4 4 4 5 5 4 4 
4 4 5 4 4 4 4 4 3 2 5 5 4 5 5 5 4 4 5 4 
5 4 3 4 4 4 5 5 4 5 5 4 4 3 4 3 4 4 3 2 
3 2 2 2 4 3 2 2 4 3 2 3 2 5 5 4 4 4 5 5 
3 2 4 3 4 3 3 2 2 5 4 4 4 3 2 5 5 5 4 3 
2 5 4 4 3 2 5 3 2 2 4 3 2 5 4 4 5 4 5 5 
5 4 4 3 4 5 5 4 3 2 5 4 4 4 5 4 4 4 5 4 
4 4 3 2 5 4 4 5 4 3 2 5 5 5 5 4 4 4 4 4 
4 5 4 4 4 3 5 4 5 5 4 4 4 4 3 2 5 4 4 3 
2 4 4 3 4 3 2 5 5 5 5 4 4 4 3 2 2 2 5 4 
5 4 5 4 3 2 4 5 5 3 2 2 4 4 3 2 4 3 2 5 
4 4 4 3 3 4 4 4 4 4 4 4 4 3 2 4 4 5 4 5 
4 4 5 5 4 4 3 2 5 3 2 5 5 5 4 5 4 4 4 4 
4 4 5 4 4 4 4 4 5 4 5 5 4 5 3 2 5 5 5 3 
2 3 2 5 4 5 4 5 5 4 5 4 5 4 4 3 5 4 3 2 
5 4 4 4 4 5 5 4 4 4 5 5 4 4 3 5 5 5 5 3 
2 5 3 2 2 5 4 5 4 4 4 4 4 3 3 2 3 2 5 4 
5 3 2 5 4 4 3 2 4 5 5 4 4 2 4 4 5 5 5 4 
5 4 4 5 4 5 3 2 4 4 3 4 4 4 4 5 4 5 5 4 
4 3 4 4 3 3 4 5 5 4 4 3 4 4 4 4 5 5 4 4 
5 4 5 4 5 5 5 5 4 4 3 2 5 4 3 2 5 3 2 5 
4 4 5 3 2 5 4 3 2 5 4 4 4 4 4 4 4 4 5 4 
5 3 2 2 5 4 5 5 4 4 3 5 4 3 2 4 4 5 4 4 
4 5 5 4 3 2 3 2 5 5 4 4 4 5 5 4 4 5 3 2 
2 5 5 4 4 3 4 4 4 3 2 4 3 2 3 3 2 5 4 4 
4 3 2 5 3 2 3 2 4 4 4 4 4 4 4 5 5 4 5 3 
2 3 2 5 4 4 4 5 4 5 4 5 4 3 2 5 4 4 4 4 
5 5 4 5 5 4 4 5 3 2 5 4 5 3 2 5 4 4 4 4 
3 2 2 2 4 3 2 5 5 4 5 4 4 4 3 2 5 4 4 3 
3 3 2 5 3 2 4 4 5 4 5 4 4 5 4 4 5 5 4 5 
4 4 4 3 3 2 3 2 2 4 4 5 5 4 3 2 3 2 5 5 
5 5 4 4 4 5 4 5 5 5 4 4 5 5 4 4 3 2 5 4 
4 5 5 4 4 3 4 5 5 4 4 4 4 3 4 4 5 3 2 5 
5 5 5 4 5 4 4 5 5 4 4 4 5 4 3 2 5 5 5 5 
5 4 5 4 3 4 4 5 4 5 5 4 3 4 4 5 3 2 4 4 
5 4 5 5 3 2 5 4 3 3 2 3 4 3 3 2 2 2 5 5 
5 3 2 5 4 4 3 2 4 4 4 5 4 3 2 5 4 4 3 4 
4 3 2 5 4 4 5 4 3 2 5 4 4 4 5 4 4 4 4 4 
5 4 4 3 4 5 4 4 4 4 5 4 5 4 5 3 2 5 5 5 
3 2 2 5 4 5 4 5 5 5 4 5 4 5 5 3 2 5 4 3 
2 4 3 2 5 4 4 4 5 4 4 4 3 4 4 4 4 3 4 4 
3 2 5 4 4 5 4 4 5 5 4 3 2 3 4 3 4 3 2 4 
3 2 2 3 2 5 3 2 3 2 3 2 5 4 4 4 5 4 5 3 
2 5 4 4 4 4 5 5 5 4 4 5 4 4 3 4 3 4 3 2 
5 5 5 5 4 5 4 4 3 2 5 5 4 4 3 3 2 5 4 3 
2 2 5 4 3 2 4 4 4 3 2 5 4 4 4 4 4 4 5 4 
4 3 2 5 4 4 4 3 2 3 2 3 2 4 5 4 4 4 3 3 
2 2 3 2 5 4 4 4 4 4 4 4 4 5 3 2 5 4 5 4 
5 5 4 4 5 3 2 5 5 4 4 3 5 4 5 5 4 4 5 4 
5 5 5 5 5 4 4 4 5 3 2 5 4 4 4 4 4 3 2 5 
4 4 4 4 5 4 4 4 3 4 3 2 3 2 5 4 3 2 5 4 
5 4 4 3 2 5 4 4 4 5 4 4 3 2 4 4 5 4 4 3 
2 4 5 5 4 3 2 3 2 2 3 2 5 4 4 4 3 4 4 4 
3 2 5 4 4 4 4 3 2 3 2 5 4 4 4 4 5 5 4 4 
4 5 5 4 4 3 5 4 4 4 4 3 2 5 4 4 3 2 3 2 
2 3 2 5 4 4 5 3 2 5 4 3 2 4 4 5 4 4 4 5 
4 5 4 5 5 4 4 5 4 4 3 5 4 4 3 2 5 4 4 4 
4 5 5 4 4 3 2 2 5 5 5 5 4 3 2 4 5 5 5 4 
4 4 4 4 4 5 3 2 5 4 5 5 4 5 5 5 5 5 5 3 
2 5 3 2 5 4 4 3 2 4 4 4 5 5 4 4 4 4 3 2 
2 4 3 4 3 2 4 4 4 4 3 2 4 3 3 3 3 4 5 4 
4 5 4 4 4 3 4 3 2 5 4 4 4 5 3 2 4 4 4 5 
5 4 4 4 3 3 5 4 4 5 3 2 5 4 4 4 3 3 2 4 
3 2 5 4 5 5 4 4 4 5 4 5 4 4 5 5 5 4 5 4 
5 5 4 4 3 3 3 2 5 5 5 4 4 4 4 5 4 5 3 2 
2 2 5 5 4 4 4 4 3 4 4 4 3 2 5 4 3 4 3 2 
5 4 4 4 5 5 4 5 4 5 4 5 5 5 4 4 4 4 4 3 
3 4 4 5 4 4 3 2 5 4 4 5 5 4 4 3 2 4 4 4 
5 5 4 5 4 5 5 4 3 2 5 5 5 4 4 4 5 5 4 4 
4 5 5 5 4 4 3 4 4 4 4 5 5 4 4 3 2 5 4 5 
3 2 4 4 4 4 4 3 2 4 3 2 2 3 2 4 5 5 5 5 
5 4 4 3 4 3 4 5 5 5 5 4 5 5 4 4 5 4 4 4 
5 4 5 5 3 2 5 4 3 2 3 2 5 3 2 3 2 4 3 3 
3 3 2 3 2 3 2 5 3 4 4 4 4 3 3 4 5 4 4 4 
4 4 5 4 4 4 2 2 4 4 4 3 2 2 5 4 5 4 5 5 
3 2 3 4 4 5 5 5 3 2 4 4 4 3 4 4 4 4 4 5 
5 4 5 4 4 5 4 5 4 5 4 4 4 3 2 5 4 4 4 4 
5 4 4 3 2 2 4 4 4 3 2 4 5 5 5 4 4 4 4 5 
3 2 5 5 4 5 4 4 4 4 5 5 5 4 5 4 3 2 5 3 
2 4 4 5 4 4 4 4 4 5 4 5 5 4 4 3 4 3 2 5 
4 4 5 3 2 5 4 3 2 3 2 2 4 4 4 3 2 5 4 4 
5 4 5 4 5 5 4 5 4 5 5 3 2 5 5 5 4 5 5 5 
5 4 3 2 3 2 4 4 4 3 2 5 4 5 4 4 4 4 4 3 
2 5 4 4 3 2 4 4 3 2 3 2 5 4 5 5 4 4 5 4 
4 4 4 4 3 2 5 4 4 3 4 4 5 5 4 5 5 3 2 3 
2 4 4 3 3 2 2 3 2 5 3 2 5 4 4 4 5 3 2 3 
4 4 4 5 5 4 3 2 2 4 4 4 4 5 4 4 4 5 5 5 
5 4 5 4 5 3 2 2 4 4 4 5 5 4 5 4 5 4 5 4 
4 3 2 4 4 4 3 4 4 4 3 2 2 4 4 4 4 3 3 5 
3 2 4 5 4 4 4 4 3 2 3 2 2 5 5 4 4 4 4 4 
4 3 2 5 5 5 4 4 5 4 4 4 4 4 5 4 3 2 5 4 
5 5 3 2 2 4 5 5 4 5 4 5 5 5 4 5 4 4 3 2 
4 3 2 5 4 5 5 4 3 2 3 2 5 4 4 2 4 3 4 4 
5 4 4 4 4 3 2 4 4 5 4 5 5 4 5 4 5 4 4 5 
4 4 3 2 4 4 4 3 2 5 4 4 4 5 5 4 4 4 4 4 
4 4 4 3 2 4 4 4 4 5 5 5 4 4 4 3 2 5 4 4 
5 5 5 5 4 4 4 5 5 5 5 5 4 4 4 5 5 4 4 4 
4 4 5 4 5 4 5 5 5 5 5 5 4 4 3 4 4 5 4 5 
4 4 4 4 4 3 4 4 4 4 4 4 3 4 3 3 2 3 2 5 
4 5 4 4 5 4 4 4 4 5 4 4 5 5 5 4 4 3 5 3 
2 5 4 4 4 5 3 2 2 5 4 3 2 4 3 2 5 4 4 5 
5 4 5 5 5 4 4 4 4 4 4 5 4 4 4 4 5 4 4 4 
4 4 4 4 5 3 2 2 3 2 3 2 5 5 4 5 4 5 4 4 
4 5 5 5 4 4 3 3 4 3 3 2 5 4 5 5 3 2 5 3 
2 5 4 5 5 5 4 4 3 2 5 3 2 4 3 2 5 3 2 5 
3 2 5 3 2 2 4 3 2 4 4 3 2 5 5 4 4 3 2 4 
5 4 4 4 5 4 5 5 3 2 2 2 5 4 4 5 5 5 5 3 
2 4 5 5 4 5 4 5 5 4 5 4 4 4 4 5 5 4 3 2 
3 2 3 2 2 2 4 4 3 4 3 2 5 4 5 4 4 3 3 3 
3 2 5 4 5 4 3 2 3 2 4 3 2 5 3 2 3 4 4 5 
4 4 5 5 5 4 5 5 5 4 4 5 4 4 4 5 5 4 5 5 
5 4 4 3 2 5 3 2 5 4 5 4 4 3 3 2 5 5 4 5 
4 4 5 4 5 3 2 3 2 4 4 5 5 4 4 4 4 4 4 3 
4 4 4 3 2 5 4 4 5 3 2 2 5 4 3 2 5 4 5 5 
4 5 5 4 3 2 5 4 3 2 4 4 3 4 4 5 4 4 5 4 
3 2 5 4 4 5 5 5 4 4 4 4 5 5 4 3 2 5 4 4 
4 5 4 3 2 5 4 4 4 3 2 3 4 4 4 4 5 4 4 3 
4 4 5 5 5 4 4 4 5 4 5 4 5 4 5 4 4 3 3 2 
3 2 5 4 4 5 5 4 4 4 4 4 4 4 4 4 5 4 4 3 
2 4 3 2 2 4 3 2 5 5 4 4 3 3 5 3 2 3 2 5 
4 5 4 4 3 2 5 4 5 4 3 2 5 4 3 2 4 4 3 2 
4 4 5 4 4 5 5 4 3 2 4 5 4 4 4 4 4 4 4 4 
3 2 5 4 3 2 3 2 5 4 4 5 4 3 2 2 4 4 3 2 
5 4 5 5 3 2 3 2 5 5 5 4 4 5 5 4 5 5 4 4 
4 3 2 5 3 2 5 4 4 3 5 5 4 3 2 2 5 5 4 3 
2 5 5 4 4 3 4 3 2 5 4 3 2 3 2 4 3 3 3 2 
3 2 4 5 5 4 4 4 5 4 4 4 3 3 2 5 4 4 5 4 
3 2 5 4 4 3 2 5 4 5 5 5 4 4 4 4 4 3 2 5 
4 3 2 3 2 5 3 2 5 4 5 5 4 5 5 4 4 3 3 2 
5 4 4 3 2 3 2 5 4 5 5 4 3 2 5 4 5 4 5 5 
4 4 4 3 2 3 2 5 5 5 5 4 4 4 5 5 5 4 3 2 
5 3 2 4 5 5 3 2 2 4 4 3 2 2 3 2 3 2 4 5 
4 4 4 5 4 3 2 4 4 3 5 5 4 5 5 4 3 4 4 4 
5 3 2 4 3 2 5 4 5 5 4 5 4 3 2 4 3 4 4 5 
4 5 5 4 4 4 3 2 5 4 4 5 5 4 4 3 2 4 4 5 
4 4 4 5 4 4 3 4 3 4 3 4 4 4 5 4 4 4 4 4 
3 2 5 3 2 5 3 2 4 5 5 4 4 3 4 3 5 5 4 5 
4 5 5 3 2 5 4 4 4 5 4 5 5 5 3 2 5 4 4 5 
5 3 2 4 3 2 4 4 4 5 5 5 5 5 4 5 5 4 5 5 
3 2 5 3 4 3 4 3 2 5 4 3 2 4 5 4 4 3 4 4 
5 5 5 4 4 4 5 5 4 4 3 2 4 5 5 4 5 4 5 5 
5 5 5 4 4 4 4 5 4 4 4 5 5 4 5 5 5 3 2 5 
4 5 4 5 4 4 4 3 4 4 4 3 2 3 2 5 3 2 5 4 
4 4 5 5 3 2 4 4 4 3 2 4 5 5 4 4 5 5 4 4 
4 5 5 3 2 4 4 4 5 5 4 5 5 4 4 4 5 4 5 4 
4 4 3 2 5 4 5 5 3 2 5 3 2 5 4 5 4 3 2 5 
4 4 4 4 4 5 5 5 4 5 5 4 3 2 5 4 5 5 4 5 
5 5 4 3 2 4 4 3 2 5 4 4 4 5 4 4 3 4 4 5 
4 5 5 3 2 2 5 5 5 5 4 4 4 3 2 2 4 5 5 3 
2 5 4 3 2 3 2 5 5 5 4 3 2 5 3 2 5 4 4 4 
5 3 2 5 4 3 2 5 4 4 3 2 5 4 3 2 5 4 4 5 
5 4 5 4 5 5 3 2 3 2 4 3 2 5 3 2 5 4 4 5 
4 4 4 5 4 4 4 3 2 4 5 5 5 4 4 4 5 3 2 5 
3 2 2 3 2 4 4 4 4 4 4 4 4 4 4 5 4 4 3 2 
2 4 4 4 5 5 4 5 3 2 3 2 5 4 3 2 5 5 5 4 
4 3 4 5 4 4 5 4 4 5 5 5 5 3 2 2 2 4 3 2 
3 2 4 4 5 5 4 4 4 3 2 4 3 3 4 3 2 4 4 5 
5 4 4 5 5 4 4 4 5 5 5 5 5 5 4 4 4 5 4 4 
4 5 4 4 4 3 2 2 4 4 4 4 3 2 5 4 5 4 3 2 
4 3 2 4 5 4 4 5 5 4 4 3 5 4 4 5 4 4 3 4 
4 3 2 5 4 5 4 4 4 4 4 5 4 4 4 5 5 3 2 4 
4 3 2 4 4 4 4 4 4 5 4 4 3 4 3 3 2 5 3 2 
5 4 4 4 5 4 5 3 2 5 3 2 5 5 4 3 2 5 5 4 
5 4 4 3 2 5 4 4 4 5 4 4 4 4 4 3 2 5 4 4 
3 3 5 4 4 4 3 2 5 4 4 4 4 4 5 5 5 4 4 5 
5 3 2 4 4 5 4 4 4 5 5 5 3 2 3 4 3 2 5 4 
4 5 4 5 5 4 4 5 4 4 4 5 4 3 2 5 4 4 4 5 
4 5 4 3 2 5 4 5 4 5 4 5 5 4 3 2 4 4 4 4 
5 5 4 3 2 4 5 4 4 4 3 2 5 4 5 5 3 2 5 4 
4 4 5 5 4 5 5 3 2 5 4 4 4 5 3 2 4 5 5 5 
4 4 4 3 2 2 4 5 5 4 4 5 4 5 4 4 4 3 2 5 
4 3 4 4 5 3 2 3 2 4 4 5 4 5 5 5 5 4 4 4 
5 4 3 3 2 5 3 2 2 5 5 5 5 5 4 3 2 5 5 5 
4 3 2 2 4 3 2 5 4 4 3 4 5 3 2 5 3 2 3 2 
3 2 2 5 4 4 4 5 3 2 5 3 2 5 5 4 4 4 5 5 
4 5 4 4 3 4 4 4 3 2 3 3 2 3 2 4 4 4 4 5 
4 5 4 4 5 5 4 3 4 3 4 4 4 4 4 4 5 5 3 2 
5 4 3 2 3 2 2 2 5 4 3 2 3 2 2 4 3 2 3 2 
2 5 5 4 5 4 3 2 4 4 4 4 4 4 5 4 5 5 4 4 
4 5 5 5 4 4 5 5 5 4 4 5 4 3 2 4 4 4 4 5 
4 5 4 5 5 5 3 2 5 5 4 5 4 5 4 4 5 4 5 4 
5 3 4 3 2 4 4 4 4 4 4 4 5 5 4 3 4 3 5 3 
2 3 2 4 4 4 4 5 3 2 2 4 4 4 5 4 3 2 3 2 
5 4 4 4 4 4 4 5 4 4 5 4 4 3 2 5 4 4 3 2 
5 4 3 2 5 3 4 3 4 3 2 5 4 3 2 5 4 4 5 5 
5 4 4 4 3 3 4 5 5 4 4 4 3 4 3 2 2 5 4 5 
3 2 3 2 2 4 4 3 2 2 4 4 5 4 4 4 5 5 4 3 
2 5 4 5 4 3 4 4 4 5 5 4 4 5 3 2 5 4 4 4 
4 3 2 5 4 4 4 5 5 5 5 5 4 4 5 4 5 5 5 4 
5 4 4 4 4 4 5 5 4 5 5 3 2 5 4 5 5 4 4 4 
5 5 4 3 2 5 4 5 3 2 5 3 2 5 4 4 5 5 5 4 
4 4 5 3 2 2 4 3 2 5 4 4 5 4 3 2 3 2 4 3 
3 3 4 5 5 5 4 4 4 4 3 2 5 4 4 4 5 3 2 2 
4 3 3 3 4 4 4 4 3 4 4 4 3 2 2 4 3 2 2 5 
5 5 4 4 4 3 2 5 4 4 3 3 2 4 5 5 4 5 4 5 
5 4 3 2 2 2 5 5 4 4 3 3 2 4 3 3 3 2 5 5 
4 5 4 5 4 4 4 4 3 2 5 4 4 3 2 4 2 4 2 2 
2 4 3 3 4 4 3 2 5 4 4 4 4 5 5 4 5 5 5 4 
4 3 2 5 4 4 4 4 4 3 4 3 4 3 3 2 4 3 2 4 
5 5 5 4 4 3 2 5 5 5 4 4 3 3 4 4 5 3 2 2 
2 4 4 4 5 5 4 4 4 4 3 4 4 5 4 5 4 5 5 5 
4 5 4 5 5 5 5 5 4 5 5 4 4 5 4 3 2 3 2 5 
3 3 2 4 4 5 5 4 5 4 5 5 3 2 5 4 4 4 5 4 
3 2 5 4 4 4 4 4 4 4 4 3 2 5 5 4 5 4 5 4 
3 4 3 2 5 5 4 4 3 4 3 2 5 4 4 4 3 2 5 4 
5 4 3 2 5 4 5 5 4 4 4 5 4 3 2 2 5 5 4 5 
5 4 5 4 3 2 2 4 4 3 4 3 4 3 2 5 4 5 4 3 
2 5 4 4 4 4 3 2 5 5 5 3 2 5 4 4 4 3 2 5 
4 4 3 2 2 5 4 4 4 4 5 4 5 4 4 3 3 4 4 4 
5 4 4 4 3 2 4 4 5 4 5 4 4 3 2 5 4 4 5 4 
4 4 3 2 4 4 4 4 4 5 4 4 4 3 4 2 4 4 4 5 
5 3 2 4 5 4 3 2 5 4 4 3 2 3 2 5 3 2 2 4 
4 5 5 5 4 5 5 5 4 5 5 5 4 4 4 5 4 4 5 5 
5 5 3 2 4 4 4 3 3 2 2 5 4 3 2 5 4 4 4 5 
5 4 4 3 4 3 4 3 2 4 5 4 5 5 4 4 4 4 5 5 
4 5 3 2 5 4 5 4 3 2 4 4 4 3 3 2 5 4 5 4 
4 3 4 3 5 4 5 5 4 4 3 4 3 2 4 4 5 4 4 5 
4 4 5 5 3 2 5 4 4 5 3 2 5 3 2 2 4 4 3 2 
5 5 5 3 2 2 5 4 5 4 5 4 5 4 4 5 4 3 2 2 
4 3 2 5 5 4 5 5 5 4 5 4 4 5 5 4 4 4 4 5 
4 4 5 4 4 5 5 4 5 5 4 4 3 3 2 5 4 3 2 5 
4 3 2 5 3 2 5 5 5 5 4 4 3 4 4 4 3 2 2 4 
4 4 4 5 5 5 5 3 2 4 4 5 4 3 2 5 4 3 4 5 
5 3 2 3 2 2 5 4 4 4 5 5 4 4 4 4 4 4 5 4 
5 5 4 4 3 4 4 5 5 5 4 3 2 4 4 4 4 4 4 4 
5 5 3 2 2 5 4 4 4 4 5 4 4 5 5 4 4 3 3 2 
4 4 3 4 3 3 2 5 5 4 3 2 3 2 5 3 2 4 4 4 
4 5 5 4 5 3 2 5 4 4 5 5 4 4 4 5 4 3 2 3 
2 5 3 2 3 2 5 4 3 2 5 4 4 4 3 4 3 3 4 5 
4 5 3 2 5 5 4 4 3 2 5 4 5 4 5 5 3 2 4 3 
3 4 3 2 5 4 4 4 5 4 3 2 5 3 4 4 5 5 5 4 
4 5 5 4 4 4 4 3 2 3 2 4 4 4 3 2 3 2 3 2 
5 4 4 4 4 4 4 3 5 4 3 2 5 5 4 5 4 4 4 3 
2 5 4 4 4 5 5 5 4 4 5 4 5 5 5 4 4 4 5 5 
4 4 4 5 4 4 4 4 5 4 4 4 4 3 4 5 4 5 3 2 
4 3 4 4 4 5 4 3 2 2 5 4 4 4 5 4 4 4 4 4 
4 3 2 5 4 4 4 4 4 4 4 3 4 4 5 4 4 5 4 4 
4 4 4 4 3 4 4 5 4 4 5 5 4 4 3 3 2 5 5 4 
4 4 4 4 3 4 5 5 4 4 4 4 3 2 4 3 5 4 4 4 
3 2 4 4 4 4 3 2 5 4 4 4 5 5 4 4 4 4 4 4 
4 3 2 4 3 3 4 4 5 5 3 2 5 3 2 5 4 4 4 5 
4 4 3 4 4 3 4 5 5 5 4 4 5 5 4 5 5 4 4 3 
5 4 5 4 4 3 2 4 3 4 4 4 3 2 4 4 4 3 2 5 
4 4 5 4 5 5 4 4 4 5 4 4 4 5 5 4 4 4 3 2 
5 5 5 4 3 2 3 2 5 4 4 5 5 4 4 4 4 4 5 5 
4 4 5 4 3 2 5 4 4 3 2 5 5 5 3 2 2 3 2 3 
2 2 5 4 5 4 5 5 4 4 4 4 5 4 5 3 2 4 4 4 
3 2 5 4 5 5 4 4 4 4 5 3 2 4 5 4 3 2 5 3 
2 5 4 5 4 5 4 4 3 4 5 4 3 2 4 4 3 2 5 4 
4 5 4 5 5 3 2 4 4 5 4 4 5 5 5 4 4 5 4 3 
2 5 4 4 5 5 4 4 4 5 4 4 4 5 5 4 3 2 4 4 
3 4 3 4 3 3 2 4 4 3 3 2 5 4 4 5 5 5 3 2 
5 3 2 5 4 4 4 4 4 4 4 4 4 4 5 3 2 5 4 4 
4 4 3 2 5 3 2 5 3 2 5 5 4 5 5 3 2 4 4 4 
4 4 5 4 5 4 4 3 3 2 5 4 5 4 4 4 3 3 2 5 
5 5 4 3 2 5 5 4 4 4 5 4 4 5 4 5 4 5 5 4 
4 3 4 4 3 2 5 3 2 3 2 3 2 2 4 4 3 2 4 4 
4 4 4 3 2 5 5 5 4 4 3 2 4 4 3 2 4 4 4 5 
4 5 5 4 4 4 4 5 4 4 3 4 3 2 5 4 4 4 3 2 
5 4 5 5 4 4 3 5 4 4 5 5 4 5 5 4 4 3 5 4 
5 4 4 5 3 2 5 4 3 2 4 4 4 4 4 4 4 4 4 4 
5 4 4 4 5 4 4 5 5 5 5 3 2 4 4 4 5 5 5 5 
5 4 4 4 4 3 2 5 3 4 3 2 4 4 5 4 4 4 5 4 
4 3 3 2 5 3 2 4 4 5 4 3 2 5 3 2 5 4 4 5 
4 4 4 4 4 5 4 4 5 4 3 2 5 4 4 3 3 2 4 3 
3 2 5 4 4 3 5 4 5 4 3 2 4 4 3 5 4 4 5 4 
5 5 3 2 2 4 3 2 5 3 2 5 4 5 4 5 4 4 5 4 
5 4 3 4 5 5 4 4 4 5 5 4 5 4 5 3 2 5 5 4 
5 3 2 3 2 5 4 4 3 2 5 3 2 2 5 4 4 3 4 4 
4 3 2 4 3 3 3 4 4 5 4 3 2 3 2 3 2 5 4 5 
3 2 5 5 5 4 3 2 4 3 2 3 2 5 5 4 4 3 4 3 
3 2 5 4 5 3 2 2 5 4 4 4 5 4 5 4 3 2 5 4 
4 4 3 2 5 4 5 5 4 5 5 5 4 3 2 5 4 4 3 2 
5 4 5 3 4 3 3 2 4 4 4 4 5 4 5 5 4 4 3 2 
4 4 5 4 4 3 2 2 5 5 5 5 4 5 4 4 5 5 4 4 
4 5 5 5 4 4 4 4 4 3 3 3 4 3 4 4 5 4 3 2 
5 4 4 4 4 5 4 4 3 2 2 5 4 5 4 5 4 5 4 3 
2 5 4 4 4 4 5 5 5 5 4 4 3 2 3 2 5 4 5 5 
5 3 2 3 2 2 5 4 5 3 2 4 3 2 5 4 5 5 4 3 
2 5 5 5 4 4 4 5 4 4 5 4 4 5 5 5 4 3 2 5 
3 2 3 4 3 5 4 5 5 5 5 5 4 4 4 4 4 4 4 3 
4 4 3 4 5 3 4 2 2 3 4 3 4 4 4 3 2 5 4 4 
4 4 4 4 4 4 4 4 5 4 4 3 5 5 5 3 2 4 3 2 
4 4 4 4 5 5 4 4 3 2 5 4 3 2 5 4 4 5 5 5 
4 5 4 3 2 4 3 2 5 4 4 5 5 4 4 4 5 4 3 2 
5 4 5 4 4 3 5 5 4 4 3 4 4 5 5 5 5 5 3 2 
5 4 4 5 4 4 4 5 3 2 5 4 4 5 5 4 5 4 4 4 
4 5 4 5 5 3 2 5 4 5 5 4 4 4 5 5 4 4 3 3 
4 3 4 4 5 5 4 4 3 4 4 4 4 4 4 5 5 5 3 2 
4 5 4 5 4 5 4 5 3 2 4 4 3 4 4 4 5 5 4 4 
5 3 2 5 4 4 4 3 2 5 4 4 4 4 5 3 2 3 2 5 
4 4 4 4 3 4 3 2 4 4 4 3 2 5 3 2 5 4 3 2 
5 4 5 4 4 3 2 2 3 2 2 5 4 4 4 4 3 4 4 3 
5 5 4 3 2 5 4 5 4 4 4 3 4 4 3 4 4 3 2 5 
4 5 5 4 4 3 3 4 4 4 3 2 5 4 5 3 2 5 5 4 
4 5 5 4 5 5 4 4 4 5 5 4 5 4 3 2 5 4 5 5 
4 4 5 4 5 5 5 5 5 4 3 2 5 4 5 4 5 5 4 4 
3 4 3 3 4 4 4 5 5 5 5 4 3 2 4 4 4 4 5 5 
4 5 4 4 5 5 4 4 3 2 3 2 5 4 4 5 4 5 3 2 
4 4 5 3 2 3 2 5 3 2 4 3 2 2 5 4 4 4 4 4 
3 3 4 4 5 4 4 4 4 4 4 4 5 5 4 4 3 3 4 5 
5 4 5 4 5 5 4 4 5 3 2 4 4 5 4 4 4 3 2 4 
4 3 4 4 4 4 5 5 3 2 3 2 5 4 5 5 4 4 3 2 
2 4 4 3 2 2 5 4 4 3 2 5 4 4 4 5 4 5 4 5 
3 2 2 3 2 3 4 4 4 4 5 3 2 5 4 5 4 4 4 5 
5 5 4 4 4 4 4 4 4 5 3 2 5 3 2 4 4 4 5 5 
4 4 4 3 4 4 3 2 5 4 5 5 4 4 5 3 2 5 4 3 
2 4 4 4 4 5 5 5 3 2 2 5 4 5 4 5 5 4 4 3 
5 3 2 5 4 5 5 5 4 4 3 2 5 4 5 4 3 2 2 5 
4 5 3 2 3 3 2 2 4 4 5 4 4 3 2 4 3 3 3 3 
2 5 4 3 2 5 4 4 4 4 4 3 2 4 4 4 4 5 4 5 
4 4 5 5 4 4 4 5 4 4 5 4 4 3 2 4 4 4 5 5 
4 4 5 5 4 5 4 5 5 5 4 3 2 5 3 2 5 5 4 4 
4 3 2 4 4 3 3 2 5 4 4 5 3 2 5 4 3 2 5 4 
3 2 3 4 3 2 4 4 5 4 3 2 3 2 4 4 3 2 5 4 
5 5 5 4 4 4 4 4 4 5 4 4 4 4 4 4 5 4 3 2 
5 3 4 3 2 5 4 4 3 2 5 4 4 4 5 5 5 4 4 3 
4 5 4 4 3 2 2 5 4 4 5 4 4 5 3 2 2 2 4 3 
3 4 4 4 5 3 2 4 4 4 5 3 2 5 4 5 4 4 4 4 
4 5 4 3 2 5 5 4 5 5 5 4 5 5 5 5 4 3 2 2 
5 4 5 5 5 4 4 4 3 2 3 3 2 5 3 2 2 5 5 4 
4 5 4 4 4 4 4 5 5 4 5 4 4 4 5 5 4 4 4 5 
5 4 4 3 4 4 4 3 2 5 3 2 5 4 4 4 3 2 5 4 
3 4 5 5 4 4 3 2 5 4 4 3 2 2 5 4 4 3 2 2 
5 4 4 4 4 5 3 2 2 4 4 4 5 5 5 5 4 4 5 5 
4 4 5 5 5 4 4 5 5 4 5 5 5 4 3 2 5 4 3 2 
3 2 3 2 5 4 4 3 2 5 4 4 4 5 5 4 3 2 5 4 
3 2 5 4 4 5 5 5 4 4 4 5 4 4 5 4 4 3 3 4 
3 2 5 3 2 4 3 2 2 4 3 2 5 5 5 4 5 4 3 2 
5 4 4 4 4 4 3 4 5 5 5 4 4 4 4 4 4 4 4 3 
2 2 5 4 3 2 4 4 4 5 3 2 5 4 4 4 3 2 5 5 
4 4 4 3 2 5 4 5 4 4 4 4 4 5 4 5 5 4 4 4 
4 5 5 3 2 4 4 5 4 4 5 5 4 4 4 4 4 3 2 5 
4 5 5 5 3 2 4 4 2 4 3 2 5 4 3 2 4 4 4 4 
3 2 4 3 3 3 2 4 4 4 4 3 2 4 4 3 2 2 2 2 
4 3 4 3 2 2 3 2 4 4 3 3 3 2 2 3 4 3 4 3 
2 2 3 2 4 4 3 2 5 4 4 4 4 3 2 4 3 3 3 3 
2 4 4 3 2 3 3 2 3 2 4 4 3 4 2 4 3 2 3 2 
3 2 4 3 2 3 2 4 4 4 3 2 4 4 4 4 3 4 3 3 
3 2 5 4 3 2 4 3 3 2 3 2 2 4 3 2 5 3 4 4 
3 2 3 3 3 2 3 2 5 4 3 3 3 4 3 2 4 3 3 3 
3 3 4 4 4 4 4 3 2 5 3 2 3 4 2 4 3 4 3 2 
3 2 3 2 4 3 4 4 3 2 2 4 3 2 4 3 2 3 2 4 
4 4 4 4 4 4 4 3 2 2 4 4 2 4 4 4 4 3 3 2 
4 3 4 3 2 3 3 2 4 3 2 4 3 3 2 4 3 3 2 3 
2 3 2 3 2 4 3 4 4 3 2 2 4 4 3 2 4 3 2 3 
2 5 4 4 3 2 2 2 3 2 2 3 2 2 4 4 4 4 4 3 
4 4 3 2 3 2 2 4 4 3 4 3 3 2 5 4 3 4 3 4 
4 3 2 4 3 2 3 2 5 3 2 5 4 3 3 3 4 3 2 4 
4 4 4 4 3 4 3 3 4 4 3 2 2 4 4 4 3 2 3 2 
4 3 3 2 4 3 2 5 3 2 2 2 3 2 3 3 3 2 3 2 
5 4 4 3 4 4 3 2 4 3 3 3 3 4 3 2 4 4 5 4 
4 4 3 3 4 3 2 2 4 3 3 3 2 4 4 3 2 5 3 2 
3 2 3 4 3 2 2 4 3 3 2 5 4 4 4 4 4 3 2 2 
4 3 4 3 2 2 2 5 4 3 2 3 2 4 3 3 3 2 4 4 
4 3 2 5 4 3 2 3 2 4 3 2 2 4 4 4 4 4 3 4 
3 4 3 2 2 4 3 2 3 2 4 4 4 4 4 3 4 4 4 3 
4 3 4 4 4 2 4 3 4 4 3 3 3 4 4 4 4 4 4 3 
4 3 4 3 4 4 3 2 4 4 4 3 3 2 3 2 4 4 4 4 
4 3 2 2 4 4 4 4 4 4 4 4 4 3 2 3 3 3 3 3 
2 4 4 2 2 4 3 2 4 3 2 3 2 3 2 5 4 4 3 2 
2 2 2 4 3 2 3 2 3 4 3 3 2 3 2 3 4 4 4 4 
4 4 3 4 3 4 3 3 3 3 4 2 4 3 3 3 3 4 4 4 
3 2 4 3 4 3 3 3 3 2 4 3 3 2 4 4 4 4 4 3 
3 4 3 4 4 3 3 3 2 4 4 4 4 4 4 3 2 5 3 4 
2 4 3 3 4 3 2 4 3 3 2 4 3 3 4 3 3 2 4 3 
2 5 4 4 4 4 4 3 4 4 3 4 3 2 3 2 3 2 4 4 
4 3 2 4 4 4 4 4 4 3 2 3 2 2 4 3 2 4 4 3 
4 4 3 2 4 4 3 4 3 4 4 3 4 3 4 3 4 4 4 4 
3 4 3 2 4 3 3 3 2 5 4 3 2 4 3 3 3 4 3 3 
2 4 4 3 2 5 3 3 2 3 2 2 4 4 3 2 4 4 2 4 
3 4 3 2 2 3 2 3 2 3 2 3 2 4 3 3 2 3 4 3 
2 2 2 5 4 4 3 4 3 2 5 4 3 2 3 2 4 3 3 2 
4 3 3 4 4 4 3 3 2 4 4 3 4 4 3 2 2 4 4 3 
4 3 4 3 2 2 4 4 4 4 3 2 4 3 2 2 4 3 3 2 
4 4 3 2 3 2 4 4 2 2 3 3 2 2 4 3 2 4 4 4 
3 2 4 4 3 3 2 2 4 4 3 2 4 3 3 3 3 4 3 3 
2 3 2 3 2 2 5 4 4 2 4 3 2 4 4 4 3 3 3 2 
4 3 3 2 2 4 4 3 3 2 2 4 3 3 2 2 5 4 4 4 
3 2 4 3 3 3 3 3 3 4 3 2 2 2 4 3 2 3 3 3 
2 4 3 3 2 2 4 3 2 2 4 3 4 3 2 2 4 4 4 4 
2 4 3 4 3 3 3 4 3 2 4 4 4 2 4 3 2 4 3 3 
4 4 4 4 3 2 2 4 4 3 4 3 3 3 2 3 2 4 3 2 
3 4 2 4 3 4 3 2 2 3 2 5 4 3 2 5 3 2 3 3 
3 3 3 2 5 3 2 2 3 2 2 3 2 3 4 4 3 2 2 2 
5 4 3 2 4 3 4 3 4 4 3 4 4 4 2 2 3 2 3 3 
2 5 3 2 3 4 3 4 4 5 4 4 4 3 3 3 3 3 3 3 
3 2 4 4 4 4 4 3 2 4 3 3 3 2 5 4 3 2 2 4 
4 3 2 3 2 5 3 2 3 3 3 3 2 3 2 5 4 4 2 3 
2 4 3 3 3 4 4 3 3 2 3 2 5 4 4 4 3 2 2 2 
3 2 4 4 3 2 3 2 4 4 4 3 3 2 3 2 2 5 4 4 
4 3 2 4 4 3 2 5 3 3 2 2 4 3 4 3 4 3 2 3 
2 3 2 2 2 3 2 3 4 3 4 3 4 4 4 4 3 2 2 3 
2 3 2 4 3 3 2 3 4 3 4 3 3 2 5 4 4 4 3 2 
4 3 3 3 4 3 2 3 2 3 2 3 2 4 4 3 2 5 4 3 
2 2 2 3 2 4 4 3 2 4 4 4 4 4 3 2 4 3 4 3 
2 3 2 5 4 4 3 2 3 2 2 3 2 4 4 3 4 2 4 3 
3 2 3 2 4 3 2 2 2 3 2 4 3 2 3 3 3 3 3 2 
2 2 3 2 2 4 3 4 3 2 2 4 4 3 4 4 3 2 4 4 
4 4 3 2 4 4 4 3 2 3 2 2 4 4 4 4 4 3 3 4 
3 4 4 4 4 4 3 3 2 4 4 4 4 4 5 4 4 3 4 4 
3 4 4 4 3 2 4 4 3 3 2 2 4 4 3 2 4 3 2 3 
2 3 2 4 3 2 5 4 4 4 3 2 4 4 3 2 2 5 4 4 
4 4 4 3 4 3 4 3 2 5 3 2 4 4 3 2 5 4 3 2 
3 2 5 3 2 4 3 2 2 3 2 3 2 3 2 4 3 2 2 4 
4 4 3 2 4 4 2 2 2 4 3 2 5 4 4 4 4 4 4 4 
3 2 4 3 3 4 3 4 4 3 4 2 4 3 2 2 4 4 3 4 
4 3 4 2 4 3 3 4 3 4 3 3 3 2 2 4 4 4 4 3 
3 3 2 4 4 3 4 4 4 5 4 3 2 4 3 3 3 2 2 3 
2 5 4 4 3 3 2 2 4 4 3 4 4 2 4 3 2 4 3 3 
2 3 3 3 2 5 4 3 2 3 2 4 4 4 3 2 4 4 4 4 
3 2 2 3 2 3 3 3 4 4 4 3 2 5 3 2 3 2 3 4 
2 3 2 2 4 3 2 2 4 3 3 4 3 2 4 3 4 3 2 2 
4 3 2 4 4 4 4 3 2 4 4 3 2 3 3 4 4 4 4 3 
4 3 3 2 5 4 3 3 2 4 2 4 3 3 5 4 4 3 2 3 
2 2 3 2 2 4 3 2 4 3 2 4 4 2 3 2 4 4 4 3 
2 3 2 4 4 3 3 2 2 4 4 3 2 4 4 4 3 2 4 4 
4 4 4 4 3 2 4 4 4 4 3 2 5 4 4 3 2 4 3 2 
2 2 3 2 4 4 3 4 3 3 2 4 3 2 4 3 3 3 4 2 
4 3 2 3 2 2 5 4 4 3 2 4 4 3 3 4 3 4 3 3 
2 5 4 3 3 3 3 2 2 4 3 3 3 2 4 3 4 4 3 2 
2 4 4 3 2 2 4 4 2 4 2 4 3 2 3 3 2 4 3 3 
3 4 3 4 4 3 3 4 3 3 2 4 3 3 2 3 2 4 4 4 
4 3 2 4 3 2 5 3 2 5 4 4 3 4 3 4 4 3 2 2 
4 4 4 3 2 4 4 4 4 4 4 3 2 5 3 2 5 4 4 3 
3 3 2 3 2 2 4 4 3 4 3 2 2 4 4 4 3 2 2 4 
3 2 2 3 2 2 4 4 3 2 2 2 4 4 4 3 2 2 5 4 
4 3 4 4 4 4 3 3 3 3 3 2 4 3 2 4 3 2 5 3 
2 2 4 4 3 3 2 4 3 2 5 3 4 3 4 5 4 4 4 3 
4 3 3 3 2 5 4 3 3 2 4 4 4 4 4 3 4 3 4 4 
3 2 2 3 2 3 3 3 3 4 3 2 5 4 3 3 3 5 4 3 
3 2 3 2 2 3 2 3 2 4 4 4 3 3 2 3 3 2 4 3 
4 4 3 4 4 3 2 3 3 4 4 4 3 3 3 2 3 2 4 4 
4 4 3 2 4 3 2 3 3 3 3 2 4 3 3 4 4 4 3 4 
4 3 3 2 2 4 4 4 4 4 4 3 2 2 4 3 4 4 4 4 
4 4 2 3 2 4 4 3 2 5 4 3 2 2 2 3 2 4 4 4 
3 2 4 3 4 4 3 4 4 4 3 2 3 2 4 3 3 3 3 4 
3 3 2 4 4 4 3 2 3 2 4 3 3 3 4 4 3 2 5 3 
3 4 3 4 3 2 5 3 2 5 4 4 4 4 4 4 4 3 2 2 
3 3 3 3 3 2 3 2 2 4 4 3 2 4 3 3 3 4 4 4 
3 2 4 3 3 2 4 3 2 4 4 4 3 2 3 3 4 4 3 2 
2 4 4 4 3 2 4 3 3 2 4 3 3 2 5 3 2 4 3 4 
3 4 4 3 2 5 4 4 4 3 2 2 4 4 3 2 2 4 3 2 
3 2 5 3 2 2 4 3 4 3 3 2 3 2 3 2 2 3 2 4 
3 4 3 4 4 3 2 4 3 3 4 4 3 4 4 4 3 2 4 4 
4 4 3 2 2 2 2 3 2 4 4 4 4 3 3 2 4 3 2 4 
4 4 4 3 2 3 3 3 3 4 4 2 3 2 2 4 3 3 2 2 
3 2 3 2 5 3 2 2 4 4 3 4 3 2 4 3 2 3 2 3 
2 2 4 4 4 4 3 3 2 4 3 4 4 3 2 5 4 3 2 4 
3 2 5 4 3 3 2 4 3 3 4 3 2 3 2 2 4 4 2 4 
3 4 3 3 4 3 2 3 2 3 2 4 3 3 3 3 4 4 4 3 
4 3 2 3 2 5 3 2 4 4 3 4 3 3 2 4 4 4 3 4 
4 3 2 4 4 4 3 2 2 4 4 2 3 2 5 4 3 4 3 2 
2 4 3 2 4 4 3 2 4 4 4 4 3 3 3 4 4 3 3 2 
4 3 3 4 4 4 4 4 4 3 2 5 4 3 2 5 4 4 4 4 
4 3 2 2 2 4 3 3 3 3 3 2 3 3 3 2 3 2 3 3 
3 4 4 4 3 2 4 3 2 3 2 2 5 4 4 4 3 3 3 2 
2 2 2 4 4 4 3 3 2 5 3 4 4 4 4 3 2 4 3 4 
3 2 3 2 4 3 2 2 4 4 3 4 3 2 5 4 4 3 2 4 
3 2 4 3 2 3 2 5 3 2 4 4 4 4 4 3 2 2 4 3 
4 3 2 4 3 2 4 3 3 3 3 4 4 3 2 4 4 4 4 4 
4 3 3 3 5 4 3 2 3 2 3 3 3 2 4 4 3 4 4 4 
4 4 4 3 4 3 2 5 4 3 2 3 4 3 4 4 5 4 3 2 
3 3 2 2 2 4 4 3 2 3 2 2 5 4 4 4 2 4 3 3 
2 3 2 2 2 3 2 2 4 3 2 4 4 4 3 2 3 4 3 4 
4 4 4 3 2 5 3 2 5 4 4 3 2 3 2 2 4 4 3 2 
4 3 4 4 3 4 3 3 2 3 2 5 4 4 3 2 2 4 3 2 
3 3 3 2 5 3 2 2 3 2 5 3 4 4 3 4 3 2 2 4 
3 2 5 3 4 4 4 4 3 4 3 2 3 2 2 4 3 2 5 3 
2 2 2 4 3 2 4 4 3 4 4 4 4 5 4 4 3 2 4 4 
4 3 3 2 3 2 2 4 4 5 4 4 4 3 4 4 4 4 4 3 
2 4 3 2 2 3 2 3 2 3 2 4 4 4 4 3 4 3 4 2 
3 2 3 2 3 2 2 4 4 3 4 4 3 2 3 2 2 4 3 3 
2 2 4 4 4 3 4 3 2 3 2 3 2 3 2 5 4 3 2 4 
4 4 4 3 2 5 4 4 4 3 2 3 3 4 4 4 3 2 4 4 
4 4 4 3 2 2 4 3 2 3 2 3 2 2 4 4 4 3 3 2 
4 3 4 3 3 4 4 4 4 4 4 4 4 4 3 4 4 4 3 2 
4 4 3 3 3 4 4 4 4 4 3 4 3 4 4 3 3 2 4 3 
4 3 3 3 4 3 3 2 5 3 4 4 4 4 4 4 4 4 3 2 
5 4 3 2 4 3 2 2 4 4 4 3 2 3 2 3 2 2 2 4 
3 3 2 4 3 3 2 4 3 3 2 4 3 3 2 3 2 4 3 3 
2 2 4 4 4 4 4 4 3 2 4 4 5 4 4 3 2 4 3 2 
3 2 3 4 3 2 4 3 2 4 3 3 2 4 3 3 2 5 3 3 
2 3 2 5 4 3 2 4 4 4 3 2 4 4 4 3 3 2 3 2 
3 3 2 3 2 3 2 3 2 2 4 4 4 3 2 2 5 4 4 4 
4 4 4 4 3 2 3 4 2 4 3 2 4 3 2 3 2 2 2 4 
4 4 4 3 3 2 4 3 3 3 2 4 4 3 4 2 2 4 4 4 
4 4 3 2 3 2 4 3 3 3 2 3 2 4 4 3 3 2 4 4 
4 4 4 3 3 4 3 2 3 2 2 3 2 2 4 3 2 3 2 4 
4 4 4 4 3 2 2 4 3 4 3 3 3 2 3 4 3 5 4 4 
3 2 3 2 4 4 4 4 4 4 4 3 4 2 2 2 5 4 4 3 
2 4 4 3 2 4 4 3 2 5 4 4 4 3 4 4 4 4 4 4 
4 3 2 3 2 5 3 2 3 2 2 4 3 2 5 3 4 2 4 3 
2 5 3 2 5 4 3 2 3 2 5 3 2 2 3 2 2 4 3 4 
3 3 4 5 4 4 3 3 3 3 4 3 2 2 3 2 2 3 2 5 
4 4 4 3 4 3 3 2 4 4 3 3 2 3 2 2 2 2 4 4 
4 4 3 2 2 2 4 3 3 4 4 3 3 4 4 3 2 5 3 2 
4 4 4 3 4 3 3 3 2 4 3 3 4 2 4 3 2 2 4 3 
2 5 3 2 2 2 2 2 4 4 3 4 3 2 2 3 2 2 2 2 
5 4 4 4 3 2 2 4 4 3 4 3 2 4 4 3 2 4 3 3 
2 3 2 3 3 3 3 3 2 4 4 3 3 2 4 4 4 3 2 3 
2 4 4 3 2 4 3 2 4 3 2 3 2 2 4 4 4 5 4 3 
2 2 4 3 3 3 3 2 5 4 4 4 3 4 4 4 4 3 4 3 
3 3 2 4 3 4 3 2 2 2 2 3 2 5 3 4 2 4 3 4 
3 4 3 3 3 2 2 3 2 3 3 4 4 3 3 2 4 3 3 3 
2 3 2 3 2 4 3 2 3 2 4 4 4 3 3 2 2 3 2 5 
4 4 3 4 3 3 2 2 4 4 4 3 2 3 2 5 3 2 4 3 
4 3 3 2 5 3 4 4 3 2 2 4 3 2 4 4 3 3 2 3 
4 2 4 2 4 3 4 3 3 4 3 4 4 4 3 4 3 2 4 3 
2 4 3 3 3 4 3 2 5 3 3 2 3 2 4 4 4 3 4 3 
2 3 3 2 3 2 2 3 2 5 3 2 4 3 2 2 2 4 4 3 
3 3 2 2 4 4 3 2 2 5 4 4 4 4 4 3 4 3 3 2 
5 4 3 2 5 4 3 2 5 4 4 3 3 2 3 2 4 3 3 3 
2 2 2 4 3 2 2 5 4 4 4 2 4 3 4 4 4 3 2 4 
3 3 3 3 3 2 3 2 4 4 4 3 2 4 3 2 3 2 4 3 
2 4 3 2 5 3 2 3 2 5 4 3 3 2 3 2 4 4 3 2 
5 4 4 4 3 4 3 4 4 3 3 3 2 3 2 3 2 3 2 4 
3 4 3 3 3 3 3 2 4 3 2 3 3 3 2 4 4 4 3 4 
3 2 2 4 4 3 4 4 4 3 2 2 3 2 3 2 2 5 4 4 
2 4 2 4 3 3 2 2 2 5 4 4 3 3 3 2 2 2 3 2 
5 4 4 3 2 5 4 4 3 2 4 3 4 3 2 2 5 4 4 4 
3 3 3 4 4 4 3 4 2 4 3 2 2 3 2 5 4 3 4 3 
3 2 4 3 3 2 3 2 2 2 4 4 4 4 4 4 4 3 3 2 
4 3 2 3 2 4 4 3 2 4 4 3 2 3 2 3 2 2 4 3 
4 3 2 4 3 3 4 4 4 3 4 3 3 2 2 4 4 4 4 4 
4 3 3 4 3 4 4 4 4 4 3 2 3 3 2 2 5 4 4 4 
4 3 2 3 3 3 4 4 4 4 3 3 4 3 2 4 4 4 3 3 
2 3 4 3 3 2 2 4 4 3 2 5 4 3 2 4 4 3 2 3 
2 3 3 2 2 2 2 4 3 2 2 4 4 3 4 3 3 2 5 4 
4 4 3 4 4 3 4 4 3 3 3 2 4 4 4 5 4 4 3 4 
3 2 3 2 5 4 4 3 2 2 2 4 4 3 2 4 4 4 4 4 
3 4 3 2 4 4 3 2 2 4 4 3 3 2 2 2 3 2 3 2 
4 3 3 2 3 2 2 2 4 3 2 2 4 3 3 3 4 4 3 3 
2 4 3 3 2 4 3 4 4 4 3 3 2 3 3 2 2 2 2 3 
2 2 4 3 3 2 4 3 4 4 4 3 4 2 4 3 2 3 2 2 
4 4 3 2 4 3 3 2 3 2 2 4 3 3 3 3 2 5 4 4 
4 4 3 2 5 3 4 4 3 3 3 3 3 2 2 3 2 4 3 3 
3 4 3 2 5 4 4 3 2 4 4 5 4 4 4 3 3 2 3 2 
4 3 2 4 4 4 3 3 2 4 3 3 2 4 4 4 3 3 2 2 
2 2 4 3 2 2 3 2 5 3 2 3 2 3 3 2 4 4 3 2 
4 3 3 2 3 2 5 4 4 4 3 3 2 3 2 3 2 2 4 3 
4 3 2 2 4 3 2 4 4 4 3 2 2 2 4 3 3 2 5 3 
2 4 3 4 3 4 3 4 3 2 3 2 3 2 4 3 2 4 3 4 
3 3 2 4 3 3 3 4 3 2 3 3 3 3 2 3 2 5 3 2 
2 4 3 3 2 4 3 2 3 2 3 4 3 4 3 2 2 3 2 3 
2 4 4 3 2 4 4 3 3 2 3 2 2 4 4 4 3 2 3 2 
4 4 4 4 4 4 3 4 3 2 3 2 4 4 3 2 2 2 4 4 
3 2 4 3 2 3 2 3 2 4 3 2 5 4 4 4 4 4 3 3 
4 3 3 4 2 3 2 3 4 3 4 3 4 3 4 4 4 4 3 3 
4 4 4 3 3 2 4 3 3 2 2 5 4 4 4 4 4 3 3 3 
4 4 3 2 4 4 3 2 2 4 3 3 2 2 3 2 2 4 4 4 
3 2 4 3 2 5 4 3 3 2 2 4 4 4 4 3 2 4 4 4 
3 4 3 3 2 4 4 3 2 2 3 2 5 4 4 2 4 3 2 4 
4 3 4 3 4 3 2 5 3 4 3 4 4 4 4 4 4 4 3 2 
3 2 2 4 4 3 3 2 2 4 4 3 4 3 2 3 2 4 3 2 
3 2 3 2 4 4 4 2 4 3 2 2 4 4 3 2 5 3 2 4 
3 2 4 3 2 4 3 2 3 2 4 4 4 4 4 4 4 4 3 4 
3 2 4 4 4 4 4 3 3 2 5 4 3 2 4 3 2 4 3 3 
2 2 2 3 2 4 4 4 4 3 2 3 4 3 3 2 4 3 3 2 
4 3 2 2 4 3 3 2 4 3 2 4 3 3 3 4 4 4 4 4 
3 3 4 2 3 2 3 2 3 3 3 4 4 4 4 3 2 2 2 2 
4 3 2 5 3 4 3 3 3 4 4 3 2 3 2 2 2 2 2 4 
4 3 2 3 2 4 3 2 2 3 2 3 2 5 3 2 2 4 3 4 
3 2 3 4 3 2 2 4 4 3 2 4 3 2 3 2 4 3 2 3 
2 5 3 4 3 2 3 2 3 2 2 3 2 4 3 3 4 4 4 4 
4 4 4 3 2 3 3 2 5 4 3 2 4 4 4 3 3 2 4 3 
3 3 3 2 4 3 2 4 3 2 3 2 4 3 2 4 4 3 2 3 
2 2 3 2 2 2 4 3 2 5 3 4 4 4 3 2 2 3 2 3 
2 3 2 3 2 4 3 2 3 2 5 4 4 3 2 4 3 3 2 2 
4 3 4 3 2 4 4 5 4 4 3 2 2 4 4 3 2 3 2 4 
4 4 2 4 3 3 4 3 2 4 4 4 3 2 4 3 2 4 4 4 
4 4 4 4 3 2 3 2 5 4 3 3 3 4 3 4 3 2 2 2 
4 4 3 4 3 2 4 3 4 3 3 2 4 3 3 2 4 4 4 3 
4 4 4 4 4 4 3 2 5 4 3 2 3 2 2 4 3 2 3 2 
4 4 3 2 4 4 4 3 4 3 3 2 4 4 3 2 3 2 4 4 
3 4 3 2 2 2 2 4 3 2 2 2 4 4 2 4 3 2 4 3 
4 3 4 4 4 4 3 2 4 3 2 2 2 4 3 2 4 3 4 4 
3 2 4 4 3 4 4 4 3 2 2 3 2 2 2 4 3 2 2 4 
3 2 3 2 2 5 4 3 2 4 4 3 2 5 3 2 3 2 4 4 
5 4 3 2 2 4 3 3 3 3 4 4 4 3 4 3 5 4 3 2 
4 4 2 3 2 5 3 2 4 4 4 3 3 2 2 5 4 3 2 2 
2 2 5 4 3 3 3 3 3 2 5 3 2 4 3 2 2 4 3 4 
4 5 4 3 2 4 4 3 4 3 2 5 3 2 3 2 3 3 4 3 
2 5 4 3 2 4 4 3 4 3 3 2 2 4 3 3 3 2 2 3 
2 2 2 4 3 2 3 2 3 4 3 2 2 4 4 3 2 4 3 3 
4 3 2 5 4 3 2 5 4 3 3 2 4 3 2 3 4 3 4 4 
4 4 3 3 4 4 4 4 4 4 3 2 4 3 3 2 2 4 3 2 
2 4 3 2 4 4 3 2 4 4 3 2 4 3 2 2 4 3 2 5 
3 3 2 4 4 3 3 2 5 4 3 2 2 4 3 3 2 2 4 4 
4 4 4 4 4 4 4 3 2 3 2 3 3 3 2 5 4 4 4 3 
4 4 3 3 2 5 3 4 3 3 2 4 4 4 3 2 2 4 4 3 
4 2 2 3 2 4 3 2 5 3 2 4 4 3 2 2 5 4 3 2 
4 4 4 4 4 3 4 4 4 4 3 2 4 3 2 2 4 3 2 4 
3 3 2 2 4 3 2 4 3 3 2 2 4 3 4 3 3 4 3 4 
4 3 2 4 3 2 2 2 2 4 3 2 2 4 4 3 4 4 3 4 
3 2 2 4 3 3 3 4 4 3 3 3 4 4 4 4 4 4 4 4 
3 3 2 3 3 2 2 2 4 3 4 3 2 4 4 3 2 4 3 3 
3 3 3 2 4 4 2 4 3 2 2 4 3 3 2 2 4 3 2 4 
4 3 4 3 4 4 3 2 3 3 2 3 2 4 4 4 4 4 3 3 
2 4 3 3 2 2 4 3 2 5 3 4 3 3 2 4 4 3 4 3 
2 3 2 5 4 3 3 2 4 3 2 4 3 3 2 2 4 4 4 4 
4 3 3 2 4 3 3 3 3 3 2 2 4 4 3 2 2 4 3 2 
2 4 3 2 4 4 4 3 2 3 2 4 3 3 4 4 4 4 3 4 
3 4 4 3 4 4 3 2 2 3 2 2 3 2 3 3 2 2 4 4 
3 2 3 2 4 3 4 2 2 3 3 2 4 4 4 3 4 3 2 4 
3 2 4 4 3 2 4 3 4 3 4 3 4 3 3 4 3 3 4 3 
2 5 4 3 2 2 3 2 2 2 2 2 4 4 3 3 2 3 2 2 
4 3 2 4 4 4 3 2 3 2 5 3 2 2 3 2 2 4 4 3 
2 2 4 3 2 4 4 4 3 2 4 3 3 3 4 3 2 4 3 2 
4 3 3 2 2 4 3 2 5 4 3 3 2 4 3 2 5 4 4 3 
2 5 4 4 4 4 4 4 3 4 2 4 3 2 4 3 3 3 3 4 
4 3 4 3 4 4 3 4 4 3 4 3 2 4 4 4 4 4 4 3 
2 5 4 4 3 4 3 4 4 4 4 3 3 4 3 4 3 2 2 4 
3 2 2 4 3 3 2 2 4 4 4 3 4 3 2 4 4 4 3 4 
3 2 4 3 2 3 2 5 3 4 3 3 4 2 4 3 3 3 4 4 
4 4 4 3 2 2 3 2 4 4 3 2 3 2 4 4 3 4 3 2 
5 3 3 2 3 2 5 4 3 3 4 3 2 2 3 2 4 3 3 2 
3 2 4 4 4 4 3 4 3 2 4 4 3 4 3 3 2 4 4 4 
4 3 2 4 3 2 3 4 3 2 2 2 2 4 3 2 4 3 2 5 
4 3 3 3 4 4 3 3 2 2 4 4 3 3 2 3 2 3 2 4 
3 3 3 3 2 2 5 4 4 2 4 3 3 3 2 2 3 2 2 5 
4 3 3 2 4 3 4 3 2 4 4 4 3 2 4 3 4 3 4 4 
4 3 2 3 2 4 3 3 3 2 3 2 3 2 5 4 3 2 2 3 
2 3 3 2 3 3 3 2 3 2 4 4 4 4 4 3 2 2 4 4 
3 4 3 4 4 3 3 2 3 4 3 4 4 4 3 3 2 2 4 4 
4 4 4 2 3 2 3 3 3 3 4 4 3 2 3 3 4 4 4 4 
4 3 4 2 4 3 4 4 4 3 2 4 4 3 2 5 3 2 2 4 
4 3 2 2 2 4 4 4 3 2 4 3 4 3 3 2 5 4 3 2 
5 3 2 4 3 2 3 2 3 2 5 4 4 3 4 3 2 3 2 4 
4 4 4 3 2 4 4 4 4 3 4 4 4 3 2 3 3 2 4 3 
3 3 3 4 3 3 2 5 3 4 2 2 4 4 4 3 3 2 3 2 
4 3 3 3 3 4 3 4 4 4 3 2 5 4 3 2 4 4 3 2 
4 4 3 4 3 3 3 2 4 3 2 4 3 4 3 3 2 4 3 2 
3 2 2 3 2 4 4 4 3 3 4 3 3 2 4 4 3 4 3 2 
4 3 2 5 3 2 2 4 3 2 3 2 2 4 4 4 3 4 3 3 
2 2 3 2 5 4 4 3 4 2 2 3 2 5 4 3 3 2 4 4 
3 2 3 3 3 3 4 4 3 2 4 3 2 2 2 2 5 4 3 3 
2 3 2 3 2 4 4 4 4 4 4 4 3 2 4 3 4 3 2 4 
3 2 2 2 3 2 2 4 4 4 4 4 3 4 3 4 4 3 2 2 
2 4 3 3 2 4 3 2 2 4 3 2 4 4 3 2 4 3 2 5 
3 4 3 3 3 2 3 3 4 3 2 4 4 5 4 4 4 3 4 4 
3 2 5 4 3 2 3 2 2 3 2 2 4 3 2 4 4 3 2 3 
2 4 4 3 4 3 3 3 2 5 3 2 4 4 4 3 3 2 4 3 
4 3 4 3 2 3 2 4 3 2 4 3 2 5 3 4 4 3 3 2 
5 3 2 2 4 3 4 3 2 3 4 3 2 2 4 4 3 3 2 4 
4 3 2 4 4 3 2 3 2 4 3 2 2 4 3 2 2 4 4 3 
3 2 2 4 4 5 4 4 4 4 4 4 3 2 4 4 4 4 4 3 
3 4 4 3 2 3 2 3 2 4 3 2 2 4 4 4 4 4 3 2 
4 3 3 3 2 2 3 2 3 2 4 3 2 4 4 4 4 3 2 4 
4 3 2 4 4 3 5 4 4 3 3 3 2 5 3 4 2 2 3 2 
2 4 3 2 4 3 2 5 4 4 4 4 3 2 4 3 2 4 3 4 
3 4 3 3 3 2 3 2 2 4 4 4 3 2 3 2 3 2 5 4 
3 2 4 3 2 4 4 4 3 2 2 3 2 3 2 3 3 3 2 3 
2 3 2 3 2 5 3 2 2 4 4 3 4 4 3 3 3 2 5 3 
2 3 2 2 4 3 2 4 4 3 2 4 3 2 5 3 2 3 2 3 
4 3 4 4 3 3 4 2 4 3 4 4 3 2 3 2 3 3 4 4 
4 4 4 4 4 3 3 4 4 4 3 2 3 4 3 2 3 2 5 4 
4 4 3 4 3 2 5 4 4 3 3 2 3 3 2 5 3 4 3 4 
4 3 3 3 3 3 4 4 2 3 2 4 3 2 3 4 2 3 2 5 
4 4 3 2 4 3 2 4 3 2 5 3 2 2 4 3 3 3 3 4 
3 3 2 3 2 4 4 3 2 3 2 5 3 2 3 2 3 2 4 4 
3 2 2 2 4 4 3 2 4 3 3 4 2 4 3 3 2 3 2 4 
3 2 3 2 4 3 3 2 4 2 4 4 4 4 4 3 4 4 3 2 
5 4 3 2 2 5 4 4 3 2 3 2 3 2 2 2 3 2 5 3 
3 2 3 2 3 2 2 3 2 4 4 3 2 5 3 2 5 3 2 3 
3 2 2 2 4 3 2 2 4 4 3 2 3 2 2 4 4 3 2 2 
3 2 3 2 3 2 5 4 3 2 4 3 3 3 2 2 3 2 4 4 
2 2 2 3 2 4 4 3 4 3 3 2 3 2 3 2 4 3 4 3 
4 4 4 4 4 4 4 4 3 4 3 4 3 2 4 3 2 5 3 2 
2 4 3 2 4 4 2 3 2 4 4 4 3 2 5 4 4 4 3 2 
4 4 3 4 3 4 2 4 3 2 4 4 4 3 3 2 3 2 4 3 
2 3 2 4 4 4 4 4 4 3 2 3 3 2 3 2 3 2 5 3 
2 4 4 5 4 4 3 3 2 2 2 4 3 2 4 4 3 2 4 3 
2 4 3 4 3 3 3 3 3 2 2 4 3 2 2 4 3 2 5 3 
2 2 4 3 2 2 4 4 3 4 3 3 4 3 2 4 3 3 3 2 
2 4 3 2 5 4 3 2 4 3 2 3 2 3 2 3 2 5 4 3 
2 2 4 4 4 4 3 2 3 2 4 4 4 4 3 4 4 4 4 3 
3 4 2 4 3 4 4 4 4 4 4 3 2 4 3 2 3 3 2 5 
3 3 2 3 2 3 2 2 3 2 2 4 4 2 4 3 3 4 4 4 
4 3 2 5 4 3 2 2 4 3 3 4 4 3 4 3 5 4 4 3 
2 4 3 4 4 3 2 3 3 2 2 4 4 3 2 2 2 4 4 3 
2 4 3 2 2 2 3 2 4 4 4 5 4 3 3 3 4 3 2 3 
2 2 4 4 4 3 4 4 4 3 2 5 4 4 4 3 2 2 4 3 
4 3 3 2 3 2 2 4 4 4 3 2 3 3 3 3 3 2 2 4 
4 3 4 4 4 4 3 3 3 3 2 3 2 4 4 3 3 2 2 2 
4 3 2 2 3 2 3 2 2 2 4 4 4 4 4 3 2 2 4 4 
3 2 3 2 3 3 4 4 3 3 2 2 2 4 3 2 5 4 4 3 
4 3 2 3 2 4 4 4 3 2 3 3 3 2 2 2 4 3 3 3 
3 3 2 3 2 3 3 2 2 3 2 2 2 3 2 3 2 3 3 2 
4 4 3 4 3 3 3 4 4 4 4 3 2 2 4 3 2 2 4 4 
3 3 4 3 3 2 3 2 4 3 3 2 4 4 4 4 4 3 3 3 
4 3 2 4 4 4 4 3 2 3 2 5 3 2 3 3 3 2 2 3 
2 5 4 3 4 3 4 4 4 3 4 3 3 2 2 4 3 3 3 4 
3 4 3 4 3 3 3 4 3 4 4 4 4 3 3 3 3 4 4 4 
3 2 4 4 3 2 3 2 3 2 3 2 3 2 4 3 2 2 4 4 
5 4 4 3 4 4 3 3 4 3 3 3 3 2 2 4 3 3 3 3 
2 4 4 4 4 3 4 4 4 4 3 4 5 4 4 3 5 4 3 2 
2 4 3 4 3 2 3 2 5 4 4 4 4 4 3 2 5 4 4 3 
2 3 3 2 5 3 2 2 5 4 3 2 2 4 4 3 4 3 3 2 
3 2 3 3 2 2 3 2 2 3 2 2 3 2 4 3 4 3 4 4 
4 4 3 3 2 2 3 2 3 2 3 2 4 3 2 5 4 4 3 3 
3 4 3 2 2 4 3 2 4 3 2 3 4 3 2 3 3 3 2 3 
2 3 4 4 4 4 3 2 5 4 3 2 3 2 2 4 3 3 2 4 
4 3 2 3 2 3 2 2 4 3 4 3 3 2 5 3 2 3 2 3 
2 4 4 4 3 3 3 2 4 3 3 4 2 4 3 3 2 5 4 4 
3 3 2 5 3 2 5 4 3 2 3 2 2 4 3 2 2 3 2 4 
4 4 3 2 4 4 4 4 3 2 2 4 4 3 2 4 3 2 4 4 
4 3 4 3 2 3 2 4 4 3 5 4 3 2 3 2 2 3 2 3 
2 2 4 3 2 3 2 4 4 3 4 3 2 5 3 4 3 4 4 4 
4 4 4 3 3 2 4 4 3 2 4 4 4 5 4 4 3 3 2 3 
2 3 2 5 4 3 4 3 3 4 4 4 4 4 3 2 3 2 4 3 
2 5 3 2 2 4 4 3 3 2 4 4 3 5 4 3 2 3 3 2 
2 2 3 2 5 4 4 3 3 2 5 3 4 3 3 4 4 4 3 2 
3 2 4 3 2 4 4 3 2 4 3 4 3 4 3 2 5 4 4 3 
3 2 3 4 3 4 3 2 3 2 2 4 3 2 4 3 2 4 3 2 
5 4 4 4 3 3 4 4 4 4 3 3 3 2 3 2 2 2 4 4 
3 4 4 3 2 3 2 3 2 2 4 4 3 4 5 4 3 2 3 2 
4 3 2 2 2 4 4 4 4 3 4 4 4 3 2 3 3 2 2 3 
2 5 4 4 3 3 3 3 4 3 4 3 2 2 4 3 4 3 4 4 
4 3 2 2 4 3 2 4 3 4 3 2 4 3 3 4 2 2 2 3 
2 4 3 2 3 3 3 3 3 4 3 2 4 4 3 4 3 4 3 2 
2 3 2 5 4 4 4 3 4 3 2 5 4 3 3 3 4 3 4 3 
3 2 4 3 3 2 4 2 4 3 3 2 3 3 3 2 3 2 4 4 
4 4 3 2 3 3 3 3 3 2 2 3 2 4 4 4 4 3 2 4 
4 3 2 5 4 4 3 4 3 2 4 3 4 2 2 4 3 4 2 4 
3 2 4 3 3 3 3 2 3 2 2 4 4 2 4 3 3 2 3 3 
3 4 3 2 4 3 2 2 4 3 3 2 3 2 4 3 2 4 4 3 
2 5 4 3 2 2 2 5 4 4 4 3 3 2 3 3 2 4 3 4 
4 3 4 3 5 4 4 3 2 2 4 3 3 2 2 2 2 2 4 3 
4 4 3 4 3 5 4 3 2 2 2 4 4 3 4 3 3 2 4 4 
3 4 3 4 3 2 5 4 4 3 2 3 2 3 2 3 2 3 4 4 
4 3 3 3 4 3 4 3 3 5 4 3 2 3 2 3 4 3 2 3 
2 4 3 4 4 3 2 4 3 2 5 4 3 2 4 4 4 4 3 2 
2 3 2 4 4 3 2 3 4 3 4 4 3 4 3 2 4 4 3 2 
2 4 3 4 3 3 4 3 3 2 2 5 4 4 3 3 2 2 2 4 
3 2 5 3 2 5 3 4 4 4 4 3 2 2 4 3 2 4 4 5 
4 3 3 3 4 4 4 3 2 4 4 3 2 4 3 2 5 3 2 4 
4 4 5 4 4 3 4 4 4 4 3 2 2 2 4 3 2 3 2 3 
2 4 4 3 3 2 2 4 3 4 4 3 2 4 4 4 4 3 2 4 
3 2 2 3 2 2 4 4 3 4 4 4 3 4 3 2 4 4 4 4 
3 4 3 2 2 2 4 3 2 4 4 4 5 4 3 2 2 4 3 4 
3 2 4 3 2 3 4 4 4 4 3 2 2 2 4 3 2 4 3 3 
2 2 4 3 2 5 4 3 4 3 4 3 2 2 4 3 2 4 3 3 
2 3 2 4 4 3 2 3 4 3 2 3 2 4 4 3 3 3 2 4 
3 4 4 3 2 4 3 2 2 4 3 2 2 4 4 4 3 2 5 4 
3 4 3 3 4 3 2 4 4 3 2 2 4 3 3 3 3 2 3 2 
3 2 3 2 4 4 3 4 3 4 3 2 2 5 4 3 3 3 2 4 
3 2 3 2 2 4 3 2 4 3 3 2 4 3 4 3 3 3 2 3 
2 4 4 4 4 4 4 3 2 2 2 3 2 2 4 4 4 4 3 2 
3 2 4 4 4 4 3 4 4 3 4 3 2 3 2 3 2 3 2 2 
3 2 2 4 4 3 2 4 4 3 4 4 4 3 4 3 2 2 2 4 
4 4 4 4 4 3 2 5 3 2 4 3 3 2 2 5 4 4 4 3 
4 3 3 3 3 4 2 4 3 4 4 3 2 4 3 2 3 2 5 4 
3 2 3 3 3 2 5 3 2 4 4 4 3 3 4 3 3 3 2 3 
2 3 2 2 4 4 3 2 5 4 3 3 2 4 4 4 3 3 3 2 
2 3 2 4 4 4 3 2 4 3 3 3 4 3 3 4 4 3 3 2 
4 4 4 3 2 2 2 4 4 4 4 4 4 4 4 4 4 4 2 4 
3 2 4 3 3 3 4 3 3 4 4 3 2 5 3 2 3 2 5 3 
2 3 3 3 2 3 3 2 4 4 3 2 4 3 4 3 4 3 4 3 
3 2 4 3 2 4 4 4 4 5 4 4 3 2 5 3 4 2 4 3 
4 3 2 4 4 3 2 2 3 2 3 3 3 3 3 2 2 3 2 2 
4 3 3 3 3 2 4 3 3 2 2 4 3 2 3 4 4 4 4 4 
5 4 4 2 3 2 5 4 3 2 3 2 2 3 2 3 2 4 3 3 
4 4 3 3 2 4 3 3 3 2 4 3 2 4 4 4 3 2 2 4 
3 2 3 2 5 4 3 2 5 4 4 3 2 5 3 2 3 4 2 4 
3 4 3 2 2 4 3 4 3 4 3 2 2 4 4 4 4 2 4 3 
2 2 4 3 2 2 4 3 2 4 3 3 2 5 4 4 4 4 4 3 
4 3 3 3 3 2 3 2 2 4 3 2 3 2 2 4 3 2 2 4 
3 4 3 2 4 3 3 4 3 2 4 4 4 4 4 2 2 3 2 3 
2 3 2 3 2 4 4 5 4 4 3 2 4 4 3 2 4 4 4 3 
2 4 3 2 3 2 5 4 4 3 4 2 4 3 2 2 4 3 3 3 
4 4 3 3 3 3 2 2 2 4 3 3 4 4 4 4 4 4 4 3 
4 3 4 4 3 2 5 4 4 3 4 3 2 3 2 5 3 2 3 2 
4 3 2 2 4 4 3 4 3 4 3 2 3 2 4 4 3 4 4 3 
4 3 3 3 4 4 4 4 3 2 4 4 3 2 4 3 3 2 4 4 
4 4 4 3 2 4 3 2 4 4 2 4 3 3 2 4 3 4 3 2 
5 4 3 2 4 4 4 3 2 4 3 3 2 2 4 3 2 5 4 4 
3 4 3 2 4 3 2 2 3 2 4 3 2 3 2 2 2 3 2 2 
3 2 3 3 2 4 3 2 5 3 4 3 3 2 2 4 3 2 4 4 
3 2 2 4 3 4 3 2 2 4 4 3 4 3 2 3 2 2 4 3 
2 5 4 4 4 3 2 2 4 4 3 4 4 4 4 4 4 4 4 3 
2 3 2 3 4 2 4 3 2 4 3 3 2 2 4 4 3 3 2 2 
3 2 4 4 3 3 3 2 2 4 3 2 3 2 4 4 4 3 4 2 
4 3 3 4 2 2 3 4 2 2 2 3 2 4 3 3 3 2 2 4 
3 3 3 4 3 3 2 4 3 4 3 3 2 3 2 2 4 3 3 3 
2 4 4 4 4 4 4 4 4 4 5 4 4 3 2 4 3 2 4 3 
3 2 4 3 3 3 3 2 5 4 4 3 3 2 4 3 2 5 4 4 
4 3 4 2 4 4 3 2 4 3 3 3 4 4 3 3 4 3 2 4 
3 3 3 2 5 4 4 3 2 5 4 4 4 4 4 3 3 4 4 3 
3 4 2 2 2 2 3 2 3 2 4 3 3 3 3 2 2 4 4 3 
2 4 4 4 4 4 3 2 3 2 4 4 4 4 3 4 3 4 4 4 
4 4 4 4 3 2 4 4 2 4 3 2 2 4 4 2 2 4 3 2 
4 4 4 4 4 4 3 2 3 3 3 2 3 3 2 3 3 3 3 2 
3 4 3 3 2 3 3 2 4 3 2 5 3 2 3 2 3 2 4 3 
2 3 2 4 4 3 4 2 4 3 3 2 4 3 4 3 2 4 4 4 
3 4 2 4 3 3 4 3 4 3 3 2 2 5 4 4 4 4 3 2 
3 2 5 4 4 4 3 2 4 3 2 3 2 2 5 4 4 3 4 4 
4 4 4 3 3 3 2 4 4 4 4 4 3 2 2 5 4 4 2 4 
2 4 3 2 2 4 3 3 3 2 3 4 3 2 3 2 4 4 3 2 
2 4 4 3 2 4 3 3 3 2 4 3 2 4 3 3 2 4 3 2 
4 4 3 2 3 4 3 5 4 4 3 3 2 3 3 2 5 4 3 3 
2 4 3 3 3 4 4 4 3 2 5 3 2 2 3 2 2 3 2 3 
2 4 4 4 3 2 4 3 2 3 2 3 3 3 3 2 5 4 3 2 
2 4 3 2 2 4 3 3 2 4 3 3 2 2 4 3 4 4 4 3 
4 4 3 2 2 2 4 4 3 4 4 3 4 3 2 2 2 4 3 2 
4 3 4 3 3 2 4 4 3 4 3 2 3 2 3 3 3 3 3 2 
3 3 2 2 2 3 2 2 2 2 2 3 2 3 2 4 3 2 5 4 
3 4 3 3 3 2 2 4 3 4 3 2 4 4 3 4 3 4 4 4 
4 3 4 4 4 3 3 3 2 3 2 4 3 2 4 3 3 2 2 4 
3 3 4 3 4 4 3 4 3 3 3 2 3 2 3 3 2 5 3 4 
2 2 3 2 3 3 4 3 4 3 4 4 3 2 5 4 4 3 3 3 
4 4 4 3 2 4 3 3 4 3 4 4 3 2 3 4 3 4 4 3 
2 4 3 2 4 4 4 3 2 5 3 2 3 2 3 4 3 4 2 2 
2 4 4 3 3 4 3 3 3 2 2 4 3 2 2 2 4 3 2 4 
4 4 4 3 2 4 4 2 4 3 4 3 3 2 3 2 2 4 3 4 
3 2 5 3 4 4 4 3 2 3 2 2 4 4 2 4 3 3 2 5 
3 2 2 4 3 3 3 3 2 2 4 3 3 3 2 4 4 4 4 4 
4 3 2 4 3 2 2 3 2 4 3 2 4 3 2 4 3 3 4 4 
3 4 4 4 4 4 4 4 4 3 3 4 3 2 4 3 4 4 3 2 
4 4 4 4 3 3 2 5 3 2 3 2 4 4 2 3 2 4 3 3 
3 2 4 4 3 2 5 3 3 2 3 3 2 4 3 2 5 4 4 3 
2 3 2 5 4 4 3 2 5 4 4 4 4 3 2 3 2 4 3 4 
3 3 3 3 3 4 2 4 3 4 4 3 2 2 4 3 3 2 2 5 
4 3 2 3 2 5 3 2 3 3 3 4 3 2 2 4 4 4 3 4 
4 4 3 2 4 4 4 4 4 4 4 4 4 4 4 4 5 4 4 4 
3 3 2 4 4 3 2 4 4 3 4 4 4 3 2 2 2 2 4 4 
3 2 2 2 4 3 3 4 2 2 2 4 4 3 4 3 2 2 3 2 
2 4 3 3 2 4 3 2 2 2 3 2 4 3 3 4 4 4 4 3 
4 4 4 3 4 3 2 3 2 3 4 3 3 2 5 3 2 3 3 2 
3 3 3 3 3 4 4 4 4 4 4 4 3 2 2 4 3 2 5 3 
2 4 4 4 3 2 4 3 3 2 3 2 3 2 4 4 4 3 4 4 
4 3 2 3 2 5 4 4 4 4 4 3 3 3 3 4 3 2 3 2 
2 2 4 4 3 4 4 4 4 3 4 4 4 2 3 2 4 4 5 4 
3 2 3 3 3 4 4 3 4 2 3 2 2 4 4 4 3 4 3 4 
4 3 3 2 4 3 2 2 4 4 2 3 2 5 4 3 2 4 3 2 
3 3 2 3 2 4 3 4 3 4 4 3 3 2 4 4 4 4 3 2 
2 4 4 3 4 3 4 3 3 4 4 4 3 2 3 2 3 3 3 3 
2 3 2 3 4 4 3 2 4 3 3 2 2 5 4 4 2 3 2 2 
3 2 3 3 3 3 3 3 2 4 3 3 3 4 2 2 2 3 2 5 
3 3 2 5 4 3 2 4 3 2 3 2 3 2 3 2 3 2 2 3 
2 2 2 4 3 4 3 3 2 3 4 3 4 4 4 4 3 3 3 4 
4 3 4 3 2 5 4 4 4 4 3 4 3 3 2 3 2 5 4 3 
2 5 4 3 4 4 4 3 2 2 4 3 2 2 4 3 4 3 2 5 
3 4 2 4 4 4 4 4 4 4 3 4 3 2 3 3 2 2 2 4 
4 4 3 3 4 3 3 3 2 3 2 5 3 2 4 4 3 2 2 4 
3 2 4 3 4 4 4 4 3 2 4 4 5 4 4 3 4 4 3 2 
2 4 4 3 2 4 4 4 4 4 3 2 4 4 3 2 5 4 3 2 
2 2 3 2 3 4 3 4 4 3 4 3 4 3 4 3 4 3 3 3 
2 3 4 3 5 4 4 3 2 3 2 5 4 3 2 4 4 4 3 2 
4 3 3 4 3 2 5 4 3 2 4 4 3 2 4 3 2 2 2 4 
3 2 4 3 3 4 4 4 4 3 2 5 4 4 3 2 5 4 4 4 
3 4 3 2 2 2 3 2 4 4 4 3 4 4 3 2 2 4 3 4 
3 2 3 2 3 2 4 3 3 3 4 4 3 2 4 3 2 4 4 3 
2 3 4 3 3 2 3 2 2 3 2 3 2 2 4 3 3 3 4 4 
3 4 3 4 3 3 2 4 3 3 2 4 3 2 5 4 3 4 3 4 
2 4 3 3 2 3 4 3 2 3 3 3 3 4 3 4 3 2 2 2 
4 3 3 3 2 2 2 3 2 3 2 5 3 2 5 3 4 3 3 3 
4 4 3 4 3 4 4 4 4 3 2 4 3 2 4 3 2 4 3 3 
4 4 4 3 3 3 4 3 3 2 5 3 2 5 3 2 4 4 3 2 
4 4 3 2 4 4 4 4 3 2 3 4 3 4 3 2 5 3 4 4 
3 2 2 4 3 2 4 3 3 2 3 4 2 4 3 2 3 2 2 4 
3 3 3 2 4 4 3 2 3 2 2 3 2 3 3 4 4 3 2 3 
2 4 3 3 3 3 4 4 2 4 3 3 2 4 3 3 2 4 3 4 
4 4 4 4 3 4 3 4 3 2 4 4 4 4 3 3 2 4 3 2 
4 4 3 4 4 4 4 4 3 2 4 3 4 3 2 4 3 3 4 4 
4 3 3 2 4 4 4 4 4 4 4 4 3 4 3 2 3 2 2 2 
4 3 2 4 3 2 4 3 2 4 3 3 2 4 3 2 4 4 4 4 
4 4 3 2 4 4 3 4 3 2 2 5 4 4 4 3 2 4 4 3 
2 5 4 4 4 4 3 2 5 4 3 2 2 4 4 3 4 3 2 2 
4 3 4 3 2 4 3 4 3 4 3 3 2 2 4 3 2 4 3 3 
3 3 3 2 4 3 3 2 4 3 3 3 3 2 4 4 2 4 3 3 
4 4 4 4 3 2 4 3 4 3 3 2 4 4 3 3 2 2 3 2 
4 4 3 2 3 3 3 4 4 3 4 3 4 3 2 5 4 3 2 4 
3 3 3 4 3 2 2 4 4 3 2 3 2 3 2 3 2 4 3 4 
3 3 3 4 4 3 2 5 4 4 4 4 3 2 3 2 2 4 4 3 
2 3 2 3 2 2 4 4 4 3 3 2 2 3 2 2 3 2 2 3 
2 4 4 3 4 3 4 5 4 3 2 5 3 2 5 4 3 4 3 4 
4 4 4 3 2 4 4 3 4 3 2 3 3 3 2 3 2 3 2 4 
4 3 2 4 3 3 3 3 2 5 4 4 4 5 4 4 4 3 3 3 
2 5 3 2 4 3 4 3 3 2 4 3 2 3 2 4 3 3 2 5 
4 4 3 4 3 4 3 2 2 4 3 3 3 2 4 4 4 3 2 4 
4 2 4 2 2 4 4 3 2 2 4 3 2 5 3 2 3 2 3 3 
3 2 3 2 3 2 2 3 2 5 3 2 3 3 3 3 3 3 2 3 
2 3 3 4 4 4 3 2 5 4 4 3 3 2 2 4 3 3 2 2 
4 3 2 5 4 3 3 2 3 4 3 4 3 2 3 2 4 4 4 3 
2 2 4 4 3 4 3 2 4 3 4 4 3 2 5 3 2 4 4 3 
2 2 5 4 3 2 3 2 2 3 2 3 3 4 4 4 4 4 4 4 
3 4 3 3 3 2 3 2 3 2 2 3 2 3 3 3 4 4 3 2 
4 3 3 3 2 3 3 4 4 4 4 4 3 2 3 3 4 4 3 4 
4 3 2 2 3 2 3 2 3 2 4 4 3 2 3 3 2 2 4 4 
3 4 4 4 4 3 4 4 3 4 4 3 2 4 3 3 3 3 4 3 
3 3 2 4 4 3 3 2 3 2 5 3 3 2 4 4 4 4 3 2 
4 3 4 4 3 4 4 3 2 3 2 5 4 4 4 3 4 4 3 2 
2 2 5 4 4 3 2 4 3 2 3 2 2 2 4 3 4 3 4 4 
3 2 4 3 3 2 3 2 5 3 4 4 3 3 3 3 2 2 4 3 
3 2 5 3 2 2 2 3 2 3 2 2 4 4 3 2 4 4 3 4 
3 2 4 4 3 2 4 4 4 5 4 4 3 2 2 2 2 4 3 3 
3 3 2 4 4 4 4 4 4 3 2 5 4 3 2 3 3 2 3 2 
3 2 5 3 2 4 3 2 3 2 4 3 2 3 2 2 4 4 3 4 
3 2 4 4 4 4 4 3 2 2 3 2 3 2 4 3 2 4 4 3 
2 4 3 4 3 2 2 3 2 4 4 4 4 3 2 2 2 4 3 4 
3 2 4 4 4 3 4 3 4 3 2 2 4 3 4 3 4 2 4 3 
4 3 2 3 2 3 3 3 4 4 3 2 4 4 4 3 2 5 3 2 
3 3 3 2 3 3 4 3 2 5 4 4 4 4 4 4 4 4 4 3 
4 3 2 3 2 5 3 2 2 4 4 4 4 4 4 4 3 2 2 2 
4 3 2 3 4 3 4 3 3 3 2 3 4 3 3 3 2 3 2 3 
2 2 4 3 3 3 3 4 2 4 4 3 2 2 4 4 3 2 4 3 
2 2 3 2 3 2 4 3 2 4 3 2 3 2 4 3 2 2 2 4 
3 2 4 3 2 4 3 4 3 2 3 3 3 2 4 3 3 3 4 2 
4 2 3 2 2 2 5 4 4 3 2 2 2 4 4 3 2 4 4 3 
2 4 4 3 3 2 2 2 4 3 3 3 4 4 4 3 3 2 2 3 
2 3 3 2 4 3 2 4 4 4 3 2 4 4 4 3 4 3 2 4 
4 4 3 5 4 4 3 4 4 4 3 4 2 4 3 4 4 3 3 2 
2 5 4 4 3 2 4 4 3 2 2 4 4 4 4 4 4 3 4 4 
3 3 2 3 4 3 3 2 2 4 3 3 4 4 3 2 4 3 2 5 
3 2 3 3 3 4 4 4 3 2 4 3 3 2 3 2 5 3 2 4 
3 2 5 4 3 3 2 3 2 4 4 4 4 3 3 2 2 3 2 5 
4 4 4 3 3 4 3 3 2 4 3 3 3 2 4 3 2 2 3 2 
3 3 2 3 2 5 4 3 3 4 3 5 4 3 2 4 4 3 3 2 
4 3 4 4 3 3 4 4 3 3 3 2 4 4 4 4 4 3 4 3 
4 4 3 2 4 3 2 4 3 2 5 3 3 4 3 5 4 4 4 3 
4 4 3 3 4 3 4 4 4 4 4 4 3 3 3 3 2 3 2 2 
2 2 4 3 3 2 3 2 3 3 3 3 3 4 4 3 3 2 3 2 
2 3 2 2 4 3 3 2 2 3 2 3 2 4 4 4 2 4 3 3 
2 3 4 3 4 4 3 3 4 3 4 3 3 2 4 3 2 3 2 2 
2 4 4 3 4 3 4 3 3 4 3 2 3 4 4 4 4 3 2 2 
4 3 3 2 3 3 4 3 2 3 2 3 2 2 4 3 2 2 4 4 
3 2 5 4 4 3 2 3 2 3 2 2 3 2 3 3 3 3 2 2 
2 2 2 5 4 3 3 2 5 4 3 2 2 3 2 3 2 5 4 3 
2 3 3 4 4 4 3 2 3 3 4 4 4 4 4 4 3 2 4 3 
2 3 4 3 3 2 4 4 4 3 3 2 3 2 5 4 4 3 3 3 
2 4 4 3 2 4 3 3 3 2 4 4 4 3 2 2 4 3 2 4 
3 4 3 4 3 4 4 4 4 4 3 2 3 2 4 4 4 3 4 3 
2 5 4 4 4 3 4 3 2 2 4 3 3 2 5 3 2 3 2 2 
2 2 2 5 4 3 3 2 4 4 3 4 3 2 2 4 3 4 4 4 
4 4 3 4 4 3 3 4 3 2 3 4 3 4 3 2 4 3 2 3 
2 3 2 3 2 3 2 3 2 4 4 4 3 2 4 3 2 4 3 2 
4 3 2 2 4 4 4 3 2 3 2 3 2 4 4 3 2 4 4 3 
2 2 3 2 5 3 4 4 4 3 3 2 4 4 4 3 2 4 4 4 
3 2 3 3 2 5 3 2 3 2 5 4 3 3 4 3 3 5 4 4 
4 4 3 3 2 4 3 3 2 5 4 4 3 4 3 3 2 4 3 3 
3 3 4 4 4 3 2 2 4 3 2 4 3 3 3 4 3 2 5 4 
3 2 2 5 4 4 4 2 3 2 3 2 5 4 4 4 4 4 3 2 
2 4 3 2 5 3 3 2 5 4 4 3 3 4 3 2 3 2 3 2 
4 3 3 2 4 3 2 4 3 3 3 2 2 2 3 2 2 4 4 3 
2 2 4 4 4 4 3 2 4 3 2 2 4 4 3 4 3 2 5 4 
3 4 3 4 4 3 3 3 4 3 2 5 4 4 3 3 2 2 3 2 
4 3 4 3 3 2 2 5 4 4 3 3 2 3 3 2 4 4 4 4 
4 3 2 3 4 3 3 2 5 4 3 3 2 2 2 3 2 3 2 5 
4 3 2 4 3 3 3 2 3 2 4 3 2 4 3 2 5 3 2 3 
4 4 3 2 3 2 2 4 3 3 2 3 2 3 2 3 2 5 4 3 
2 4 3 4 3 3 3 4 3 3 4 3 4 4 3 2 4 3 3 2 
4 3 3 2 4 4 3 4 3 3 2 5 4 3 2 4 3 3 2 3 
2 4 3 2 5 4 4 4 4 4 4 3 3 2 2 4 3 2 3 4 
3 4 4 4 4 4 3 2 2 3 2 4 4 3 2 4 3 2 4 3 
2 3 2 4 3 4 3 2 2 2 3 2 3 3 2 2 3 2 4 3 
2 3 2 5 4 4 3 3 2 2 4 3 2 4 4 3 4 3 2 2 
2 4 3 2 2 4 4 3 2 4 3 3 4 4 4 4 4 4 4 3 
4 2 4 3 4 4 3 3 2 3 4 4 3 2 4 3 2 2 2 4 
4 4 4 4 4 4 4 4 3 4 3 2 5 4 4 4 3 4 3 3 
4 2 4 3 2 3 2 5 4 4 4 2 3 2 3 2 3 2 5 4 
4 3 3 2 4 3 2 4 4 3 2 4 4 4 3 2 3 2 2 4 
4 4 4 3 2 3 3 3 3 3 4 3 3 2 4 3 3 3 4 4 
3 4 3 4 3 2 3 2 2 4 3 3 2 4 3 4 3 2 2 4 
4 3 2 5 4 4 3 2 4 4 3 2 4 3 2 4 4 3 2 2 
2 5 4 4 3 3 2 4 3 4 4 4 3 2 5 4 4 3 2 4 
4 3 2 2 3 2 3 2 3 3 2 2 4 3 4 4 4 3 3 3 
2 2 2 2 4 4 4 4 3 2 3 4 3 2 5 4 4 3 4 3 
2 5 3 3 2 2 2 4 4 3 2 3 2 4 3 4 3 4 4 4 
4 2 4 3 2 4 3 2 5 4 3 4 4 3 2 3 2 3 4 3 
4 4 4 4 3 4 4 4 4 3 2 3 2 4 4 3 2 2 4 4 
4 4 4 2 3 2 2 4 4 3 2 3 2 4 3 3 3 4 4 3 
3 2 2 4 4 3 3 2 3 2 4 3 2 3 2 2 4 4 3 3 
4 3 3 4 4 4 3 3 2 4 4 2 4 3 3 2 3 2 3 2 
4 4 4 2 4 3 3 2 3 3 3 3 3 4 3 4 3 2 4 3 
2 5 3 3 2 3 2 2 4 3 4 3 3 5 4 3 3 3 4 4 
4 4 3 2 4 3 2 2 3 2 2 4 4 3 4 2 4 3 3 3 
3 2 5 4 4 3 2 4 3 2 3 2 4 3 2 5 4 3 2 5 
3 2 3 3 3 3 3 2 4 4 2 4 3 4 3 3 3 2 2 2 
4 3 3 3 2 4 3 3 4 4 4 4 4 3 4 3 2 3 2 4 
3 2 3 2 2 3 2 2 2 3 2 4 3 3 2 4 3 2 4 3 
2 4 4 4 4 4 4 4 3 4 3 2 4 3 2 2 2 2 4 3 
3 3 2 3 2 4 3 2 3 3 2 4 4 3 2 5 4 3 4 3 
3 2 4 4 4 3 4 4 3 4 2 4 3 4 4 3 3 2 2 4 
3 2 4 4 3 2 3 2 2 2 4 4 4 3 3 4 3 2 3 2 
3 2 4 3 3 3 3 3 3 3 3 2 2 4 3 3 2 3 4 2 
4 2 4 3 4 4 4 4 4 4 4 4 3 2 4 3 4 2 4 3 
4 4 3 3 2 2 2 4 3 2 4 4 4 3 3 2 4 4 3 4 
4 3 2 4 4 3 2 2 2 4 4 4 3 2 2 4 3 3 3 4 
4 4 3 4 4 4 4 4 3 2 3 2 4 3 2 2 3 2 5 4 
3 2 2 4 3 3 2 3 2 4 3 2 4 3 4 3 2 4 4 4 
4 3 2 3 3 2 2 3 2 5 4 4 3 3 3 4 4 4 4 4 
3 2 4 4 4 3 2 4 4 3 2 4 4 3 2 5 3 4 3 2 
5 3 2 3 2 2 4 4 3 2 2 3 2 3 2 3 2 2 3 2 
4 4 4 3 2 4 3 3 2 4 3 3 2 4 4 3 4 3 4 3 
2 3 2 2 2 2 5 4 3 2 4 4 4 3 3 2 4 3 3 2 
4 3 4 3 2 2 4 4 4 4 4 4 4 4 4 3 3 3 4 3 
2 2 4 4 2 4 3 2 2 3 2 4 4 3 2 4 3 4 3 3 
3 3 5 4 3 2 3 2 4 4 4 3 3 2 2 4 4 4 4 4 
4 4 4 3 2 2 3 2 4 3 2 4 3 2 4 3 4 3 3 2 
4 4 4 4 4 4 5 4 3 3 2 2 2 4 3 2 5 4 4 4 
3 3 3 2 2 4 4 3 2 2 3 2 5 3 2 2 4 4 3 2 
2 4 3 3 3 3 3 2 2 4 3 3 3 4 3 4 3 3 4 3 
3 4 2 2 2 3 2 2 2 3 2 4 4 3 3 2 2 4 4 4 
3 2 4 3 3 3 4 3 2 4 4 4 3 3 2 2 2 4 4 3 
3 2 2 4 3 3 4 3 2 4 3 2 4 3 2 2 4 4 3 2 
3 4 2 2 3 2 2 4 3 2 5 3 3 2 5 4 3 4 4 4 
3 2 2 4 4 4 3 2 3 2 4 4 4 4 4 4 4 4 4 4 
3 4 4 4 3 4 3 4 4 4 5 4 4 4 2 4 3 3 4 3 
2 4 4 3 4 3 2 5 4 4 3 3 3 4 3 3 4 4 4 4 
4 4 4 4 2 4 3 4 4 4 3 2 5 4 4 4 4 3 3 3 
4 4 4 4 4 4 4 4 3 2 2 4 3 4 3 2 5 4 3 3 
2 5 3 4 3 3 3 2 4 3 3 4 4 3 2 5 3 2 4 3 
4 3 3 4 3 3 2 2 4 3 2 4 3 4 3 3 4 4 3 4 
3 2 4 4 2 4 3 3 4 3 2 4 3 2 5 3 2 4 4 4 
3 2 4 3 3 3 2 4 4 5 4 4 3 3 2 4 4 4 4 3 
3 3 2 4 4 4 4 4 3 2 2 4 3 4 3 2 2 4 4 4 
4 4 3 2 2 3 2 4 4 4 3 2 5 4 4 4 4 3 2 3 
2 4 3 2 5 3 2 3 2 5 4 4 4 3 2 3 2 4 3 4 
3 4 3 4 4 3 4 3 2 3 2 3 2 2 4 4 4 4 4 4 
4 4 4 4 4 4 3 2 3 4 4 4 4 3 2 4 3 2 4 3 
2 4 4 4 4 4 3 4 3 4 3 2 5 3 2 4 4 3 4 3 
2 4 4 3 2 2 4 4 4 4 3 3 2 2 4 3 3 2 4 2 
4 3 3 2 2 4 4 4 3 2 3 2 4 3 4 2 2 2 4 4 
3 2 2 2 4 4 2 4 3 4 3 2 2 4 3 3 3 3 4 3 
2 4 4 3 2 2 4 3 2 4 3 4 3 4 3 2 3 2 2 4 
3 2 4 4 3 4 3 2 4 3 3 3 3 3 2 4 4 3 3 4 
2 2 3 4 3 4 4 4 4 4 3 2 2 2 4 4 4 3 2 4 
3 3 2 2 5 4 4 3 4 3 2 3 2 3 2 4 3 2 4 3 
3 3 3 3 2 3 2 4 3 2 2 4 3 2 4 3 3 3 4 3 
2 3 4 2 4 3 3 2 4 3 2 2 3 2 5 4 4 3 3 2 
4 2 4 3 3 3 3 2 4 3 2 4 4 3 2 2 4 4 3 4 
3 3 2 5 4 4 3 4 3 4 4 4 3 4 3 4 4 3 3 3 
3 2 4 4 4 4 4 4 4 4 4 4 4 3 4 4 4 3 2 3 
3 3 3 3 4 3 2 2 4 3 2 5 4 4 3 4 3 3 2 4 
3 2 4 3 3 2 5 3 3 2 4 4 4 4 3 3 2 4 3 3 
2 4 3 2 2 2 4 4 4 3 3 2 3 2 4 3 4 4 4 4 
3 4 3 2 5 4 4 4 3 2 3 2 5 4 4 3 4 3 3 2 
2 2 4 3 3 2 2 2 4 3 3 2 2 4 3 2 4 3 3 4 
2 4 4 4 3 2 2 4 3 4 4 4 4 3 3 3 2 4 3 3 
2 4 3 4 2 4 3 4 4 3 4 4 2 3 2 3 2 4 3 4 
4 4 3 2 4 3 3 3 3 4 4 4 3 2 4 4 4 4 4 3 
2 4 3 3 2 4 3 2 3 2 4 4 4 3 2 4 3 2 2 2 
2 2 3 2 3 2 3 2 2 2 2 4 3 4 4 3 2 3 3 2 
4 3 2 2 2 4 4 5 4 3 2 2 4 3 2 4 4 3 4 4 
3 4 4 4 4 3 3 3 2 4 3 3 2 4 4 4 3 2 5 4 
3 2 5 3 2 3 2 3 3 2 4 3 3 3 3 2 3 2 3 2 
4 4 3 4 3 4 3 4 3 4 2 2 3 2 2 2 3 2 4 3 
3 3 3 3 2 4 4 4 3 2 3 2 3 3 3 3 3 2 2 4 
3 2 5 3 2 3 4 3 4 4 2 2 4 3 2 5 3 4 4 3 
4 3 3 3 3 4 4 3 2 3 2 4 4 5 4 4 4 4 4 3 
2 4 3 2 5 4 3 2 2 4 3 3 2 2 4 4 4 4 4 3 
2 3 2 3 2 2 4 3 2 2 2 4 3 3 2 4 3 3 4 4 
4 4 2 3 2 4 4 3 4 3 2 5 3 2 4 4 3 2 2 4 
4 3 4 3 3 2 3 2 2 2 4 4 4 4 3 4 3 4 4 3 
2 5 4 3 2 4 3 2 3 2 3 4 3 2 4 4 4 4 4 3 
3 3 3 3 2 3 2 5 4 4 3 3 3 4 3 4 3 3 2 2 
4 4 4 3 2 3 2 3 2 2 3 2 3 2 2 4 3 3 2 4 
3 4 3 2 5 4 3 3 3 4 4 4 4 4 3 4 4 3 4 4 
4 4 4 4 3 3 3 3 2 5 3 2 4 4 3 2 2 5 4 4 
3 3 4 3 2 2 2 5 4 4 2 4 3 4 3 2 2 5 4 3 
2 4 3 2 2 4 3 4 3 2 3 2 3 2 2 4 3 2 2 5 
4 4 4 3 4 3 2 3 2 4 4 2 4 3 3 4 3 4 4 4 
3 4 4 3 2 4 3 3 3 3 2 3 2 4 3 2 4 4 2 4 
3 3 3 2 4 4 4 3 2 3 3 3 2 3 2 3 2 2 2 2 
4 3 2 4 3 2 5 3 4 3 2 5 4 4 4 2 3 2 3 2 
2 4 3 4 3 2 3 2 4 3 2 4 3 4 3 4 4 3 4 3 
2 3 2 3 3 3 3 3 4 3 2 4 3 3 2 2 4 3 2 3 
2 5 3 2 2 4 3 3 3 2 4 4 4 4 4 4 3 2 3 3 
3 3 3 3 2 2 3 2 3 2 4 3 2 2 3 2 3 3 2 2 
3 2 4 4 3 2 3 2 3 2 2 4 3 3 3 4 3 2 3 2 
2 3 2 2 3 2 4 4 4 3 2 4 4 4 4 3 4 3 3 2 
4 3 2 5 4 3 2 2 4 4 3 2 4 4 4 3 2 4 3 3 
2 3 2 4 3 3 2 4 3 4 3 2 5 4 4 4 4 4 3 2 
4 3 4 4 2 4 3 3 3 4 3 3 2 2 4 3 2 4 4 4 
3 3 2 4 4 3 2 5 3 2 2 4 4 4 4 4 4 3 3 3 
2 5 4 3 2 3 2 4 3 2 4 3 2 4 3 4 3 4 3 2 
4 4 3 2 3 2 3 2 4 4 3 3 2 3 3 3 3 4 3 2 
3 2 5 4 4 4 3 5 4 4 4 3 3 2 4 4 4 4 4 4 
3 3 4 3 2 5 3 4 3 2 4 4 2 3 2 4 4 4 4 3 
3 3 4 4 3 2 4 4 3 2 2 4 4 4 3 2 5 4 3 3 
3 2 4 4 4 3 2 4 3 3 3 3 2 5 4 4 4 3 3 2 
2 3 2 2 4 3 3 3 4 4 3 2 4 3 3 2 2 4 4 3 
2 5 4 4 4 4 3 2 3 2 4 4 2 4 2 4 3 2 4 3 
3 2 5 3 4 3 4 4 4 4 3 2 4 3 4 3 2 4 4 4 
3 4 4 4 3 2 4 3 2 3 2 3 2 4 3 3 3 3 3 2 
4 3 2 3 2 3 2 5 3 2 4 4 4 3 2 4 3 2 2 4 
3 2 4 3 4 3 3 3 3 3 4 4 3 2 4 3 4 3 2 2 
5 4 3 3 3 4 4 3 4 4 3 2 2 4 3 3 2 3 3 3 
4 3 2 4 3 3 2 4 4 3 2 4 3 2 3 2 4 4 4 3 
3 2 4 3 2 4 4 3 2 3 4 2 3 2 3 4 4 4 3 2 
2 3 2 4 4 4 4 3 4 3 2 3 2 5 4 3 4 3 3 4 
3 2 3 2 5 4 4 3 2 4 3 4 3 3 2 5 3 2 4 3 
2 4 3 4 3 4 4 4 4 4 4 4 3 3 3 3 2 5 3 4 
3 2 3 2 3 2 5 4 4 3 4 3 2 4 3 3 4 4 4 4 
4 4 4 4 3 2 4 3 2 2 2 4 4 3 4 3 2 3 4 3 
2 3 2 4 4 4 4 4 4 4 3 2 2 4 4 4 4 3 2 2 
3 2 4 4 4 4 4 4 4 3 3 3 2 4 4 3 2 3 2 4 
3 4 3 3 2 3 2 5 4 4 3 3 4 3 2 3 2 2 4 3 
4 4 4 4 4 3 2 4 4 3 2 4 3 4 4 3 2 2 4 4 
3 2 4 3 4 3 2 2 5 4 4 2 4 3 3 3 3 2 3 2 
5 3 4 3 3 4 3 2 4 3 4 3 2 3 2 3 2 4 4 3 
2 3 2 4 4 4 4 4 3 4 4 4 3 3 2 2 4 3 4 3 
4 4 4 3 3 2 2 5 4 3 2 3 4 3 2 3 2 4 4 4 
4 3 3 3 4 3 2 5 4 4 3 4 4 3 4 3 2 2 4 3 
2 4 4 3 2 2 4 4 3 5 4 4 3 2 2 2 4 3 2 5 
4 3 2 2 2 4 4 4 4 4 3 4 2 3 2 2 2 2 4 3 
4 3 4 3 4 4 3 2 2 3 2 4 4 3 2 4 4 3 4 4 
3 3 2 2 2 4 3 4 3 3 2 3 2 2 3 2 2 4 3 2 
4 3 2 2 4 3 3 2 5 4 4 3 3 2 4 4 4 4 3 2 
3 4 4 4 4 4 3 2 5 3 2 3 3 3 3 2 5 4 4 3 
2 4 4 3 2 5 4 3 2 2 2 2 2 4 3 3 4 3 2 3 
2 2 3 2 3 3 2 4 4 4 3 3 2 3 3 3 3 4 4 4 
4 3 4 4 4 3 2 5 4 4 3 3 3 2 4 4 3 2 3 2 
4 3 4 3 2 2 3 2 5 3 2 4 4 3 2 4 3 3 3 2 
4 4 4 4 4 4 5 4 4 3 3 2 3 2 4 3 2 4 4 4 
3 2 5 3 4 3 4 4 4 3 3 2 4 4 4 3 4 3 2 2 
4 4 3 4 4 3 2 2 3 2 4 4 4 4 3 4 3 3 2 3 
2 2 2 5 4 3 2 5 3 4 2 4 3 2 5 3 2 2 5 4 
4 3 2 4 3 2 2 3 2 2 3 2 5 3 4 3 2 3 3 3 
3 3 2 3 3 3 3 3 2 3 2 2 2 4 4 3 4 4 2 3 
2 3 2 3 2 2 4 3 2 3 3 3 3 3 2 3 2 3 2 2 
4 4 4 4 4 4 3 2 5 3 3 2 5 3 4 4 4 3 2 4 
3 2 4 4 4 4 3 4 3 3 2 2 4 3 2 3 2 2 2 4 
4 3 4 3 3 2 3 2 4 3 2 5 4 4 3 4 3 2 4 4 
3 2 5 4 3 4 3 3 2 2 2 4 4 3 2 4 3 2 5 3 
2 4 4 4 3 2 3 2 4 4 4 4 4 3 2 2 4 3 2 2 
2 4 3 4 3 2 3 2 4 3 3 4 4 4 4 4 3 3 2 2 
4 4 4 3 4 3 4 3 2 4 4 2 4 3 3 2 4 4 4 3 
2 4 3 3 3 4 3 4 3 4 3 2 3 4 3 3 3 2 3 2 
4 3 2 4 3 2 4 4 4 3 4 4 3 2 4 3 3 4 3 2 
4 3 2 4 4 3 4 3 3 2 2 4 3 2 3 2 2 2 2 4 
3 2 3 3 4 3 2 4 3 2 2 2 4 3 2 5 4 4 2 4 
3 4 4 3 2 4 3 4 3 3 2 4 3 4 4 4 3 3 3 2 
5 4 4 3 3 2 4 3 2 3 2 2 3 2 2 2 5 4 3 2 
3 3 2 3 2 2 3 2 3 3 3 3 2 4 3 2 3 2 2 3 
2 4 4 3 2 3 3 2 3 2 2 4 4 4 4 4 4 4 4 3 
3 2 4 3 2 2 4 3 4 3 4 3 3 2 4 4 4 3 2 2 
4 4 4 4 4 4 3 2 4 4 3 2 3 3 3 4 4 4 4 3 
2 4 3 3 3 2 3 2 4 4 4 4 3 2 2 4 3 4 3 3 
2 3 3 2 2 2 2 4 4 2 2 4 3 2 3 2 5 4 4 3 
4 3 3 2 2 2 4 3 2 5 4 3 2 3 2 5 4 3 2 4 
4 3 4 3 2 4 4 4 3 2 3 3 2 2 4 4 3 3 2 5 
3 2 3 3 3 2 2 5 4 4 3 2 4 3 4 4 4 3 4 4 
3 2 3 2 5 4 4 4 3 4 4 3 4 3 3 3 4 3 2 3 
2 3 2 4 3 2 5 3 2 2 4 4 4 3 4 2 2 3 2 4 
3 4 3 3 2 3 2 4 3 3 3 4 3 3 3 2 4 3 2 4 
4 4 4 3 2 3 4 3 2 4 3 3 3 2 5 4 3 2 5 3 
4 3 3 3 2 4 3 3 3 2 3 2 4 4 4 3 4 3 3 3 
3 4 4 4 4 3 2 2 2 3 2 4 3 2 4 4 3 2 3 2 
2 2 4 4 2 3 2 4 3 3 3 4 3 3 2 4 3 2 4 3 
2 3 2 5 3 4 4 4 4 5 4 3 2 3 2 3 2 2 2 2 
2 3 2 4 4 3 2 4 4 3 4 4 4 4 3 2 3 2 2 4 
3 2 3 3 2 4 3 2 5 3 3 2 5 4 4 3 2 2 4 3 
3 3 4 2 2 4 4 4 3 2 5 4 4 4 3 3 2 4 3 3 
3 2 2 3 2 4 4 3 3 2 4 3 4 3 4 3 2 3 2 3 
2 5 4 4 2 3 2 4 3 3 3 4 3 2 4 3 2 4 3 2 
4 3 2 3 3 3 2 4 4 3 3 3 4 3 2 5 3 2 4 3 
3 4 4 4 3 2 2 4 4 3 3 2 3 3 3 2 2 4 3 2 
5 3 4 4 3 2 3 3 3 2 4 3 2 3 2 4 4 4 4 4 
4 3 2 2 2 4 4 4 4 3 3 3 4 3 4 4 4 4 4 4 
3 3 4 4 4 4 3 4 3 3 2 3 2 4 4 3 2 4 3 3 
4 3 3 2 3 2 4 3 3 3 2 2 4 4 3 2 4 4 4 4 
4 3 3 3 2 4 3 2 2 2 4 4 3 2 4 3 3 2 3 2 
3 2 3 3 2 2 4 4 4 4 4 4 4 4 4 4 3 4 3 2 
3 2 4 3 3 2 5 4 3 2 2 4 3 2 4 4 4 4 3 2 
4 4 4 4 3 2 4 4 3 4 4 4 4 3 2 2 4 4 3 4 
3 2 2 5 4 3 2 2 3 2 2 4 3 2 2 4 3 4 3 4 
4 3 4 4 4 3 4 3 3 2 3 2 3 3 3 3 4 2 2 3 
2 3 2 2 4 3 2 2 4 4 4 4 4 3 2 4 3 2 3 2 
3 2 2 5 4 3 2 3 4 4 4 4 3 3 2 2 4 3 2 2 
2 3 2 2 4 4 3 4 4 2 4 3 4 4 4 4 3 3 3 3 
2 3 2 4 3 3 4 3 2 2 2 3 2 4 3 3 2 2 2 4 
4 3 4 2 4 3 2 5 3 2 2 2 3 2 3 2 5 3 3 2 
3 2 4 4 4 3 2 5 4 3 2 5 4 4 3 2 3 2 2 4 
4 4 3 3 2 3 3 4 4 4 3 3 2 4 3 2 4 4 4 3 
2 4 4 4 3 2 4 4 3 2 3 2 2 4 4 4 3 2 3 2 
3 3 3 3 4 2 3 2 4 3 2 4 3 2 3 2 4 3 4 3 
2 4 4 3 4 3 3 2 4 3 4 3 3 2 2 4 4 4 4 4 
4 4 4 3 3 3 4 3 3 3 2 2 3 2 2 2 2 4 3 4 
3 2 3 4 3 4 4 3 2 3 2 4 4 4 4 4 3 2 4 3 
2 2 4 3 2 4 4 4 4 3 2 5 3 2 4 3 2 3 3 2 
5 4 4 3 2 5 3 2 3 2 2 4 3 3 3 2 2 2 4 3 
2 4 3 2 3 3 3 4 4 4 4 3 2 4 3 4 3 3 4 3 
4 3 2 4 3 2 4 4 3 2 4 3 4 4 3 2 2 4 4 4 
3 3 3 2 4 3 2 5 4 4 3 2 3 2 5 4 4 4 4 4 
4 4 3 2 4 3 2 5 3 4 3 3 4 4 3 4 2 2 3 2 
5 3 3 2 5 3 3 3 2 4 4 4 3 2 5 4 4 4 3 3 
2 3 3 3 2 3 2 4 4 4 4 4 3 2 3 4 3 3 3 2 
2 4 3 2 2 4 3 2 3 2 4 4 4 3 2 4 3 2 2 3 
2 3 4 3 4 4 3 4 3 2 4 3 4 4 5 4 4 4 3 2 
4 4 5 4 3 2 4 4 3 2 2 2 4 3 2 4 3 2 4 3 
3 3 2 3 3 3 4 3 2 3 2 3 4 3 4 4 4 3 2 4 
4 4 4 4 3 2 2 4 4 3 2 5 4 4 4 3 2 3 3 3 
3 3 2 4 3 3 3 2 3 2 3 3 4 4 3 2 3 2 4 3 
2 4 3 3 3 2 3 2 3 2 3 2 4 3 3 3 3 3 2 4 
3 3 2 2 2 2 4 4 4 4 4 3 4 2 2 3 3 3 2 4 
4 4 4 4 3 3 3 3 4 4 4 3 4 3 2 4 3 2 4 4 
2 3 2 3 2 5 4 4 4 4 3 2 2 3 2 2 3 2 5 3 
2 4 4 4 3 4 4 4 3 2 5 4 4 3 3 2 4 4 4 4 
3 4 3 3 3 4 3 3 3 2 3 2 4 3 3 3 3 3 2 4 
3 3 3 2 4 4 4 4 2 4 3 3 3 3 2 3 2 3 2 2 
4 3 3 4 4 3 2 5 4 4 2 4 3 4 4 3 2 3 2 5 
3 2 2 4 3 3 2 4 3 3 2 3 2 5 4 4 3 2 2 2 
2 3 2 2 4 4 3 4 3 2 4 3 3 3 2 2 4 4 2 4 
3 4 3 2 4 3 2 5 3 2 2 5 4 3 2 2 2 3 2 2 
2 2 5 4 3 2 2 4 4 4 4 3 3 3 4 4 3 2 2 2 
2 4 3 3 2 3 4 2 4 2 3 2 4 4 3 4 3 2 5 3 
2 4 4 4 3 4 3 4 2 2 4 3 2 2 3 2 5 4 3 3 
4 3 2 3 2 5 4 3 2 3 2 4 4 3 2 3 2 2 4 3 
2 2 2 2 4 3 2 3 2 5 3 4 4 3 3 2 3 2 4 3 
3 2 3 3 2 5 4 3 2 4 3 2 3 2 4 4 4 3 2 3 
2 4 3 2 4 3 3 3 4 4 4 3 3 2 2 2 2 3 2 2 
4 3 3 3 5 4 3 3 3 4 4 4 3 3 4 3 3 2 4 3 
3 4 4 3 2 4 3 2 4 4 4 3 2 4 3 4 4 3 2 3 
2 2 2 3 2 4 3 2 3 2 3 3 3 3 3 4 3 2 3 2 
3 2 2 2 4 4 4 3 2 4 4 4 4 3 4 3 2 3 2 3 
2 4 3 2 3 2 3 2 4 4 2 3 2 2 4 4 3 3 2 4 
3 2 3 3 2 4 4 3 2 3 2 3 2 3 3 3 4 3 2 4 
4 3 2 4 4 3 2 5 4 3 2 4 4 3 3 2 4 4 3 2 
5 4 4 4 4 4 4 4 3 3 4 3 4 3 2 5 4 4 3 3 
2 4 3 3 3 2 3 2 3 4 3 4 4 3 3 3 3 2 3 3 
3 3 4 3 2 4 3 3 2 5 4 3 4 2 4 3 4 4 3 2 
2 4 3 3 2 4 3 3 3 2 5 3 4 2 4 3 3 2 2 3 
2 4 4 4 3 2 3 2 3 2 3 2 3 3 4 3 2 3 2 2 
4 3 3 2 5 3 4 2 4 3 4 4 3 3 3 2 3 2 5 3 
2 2 2 5 4 4 4 4 4 3 4 5 4 4 4 4 4 4 3 4 
4 4 3 2 3 2 2 3 2 5 4 3 2 3 2 4 3 3 2 2 
3 2 3 4 3 2 2 4 4 3 5 4 4 3 4 4 4 4 3 2 
5 4 4 3 4 3 5 4 3 2 5 4 4 3 2 4 4 4 3 2 
3 3 2 3 2 2 4 4 4 3 2 4 4 2 4 3 4 4 4 3 
2 4 3 4 3 2 5 4 4 4 4 3 2 3 2 2 2 2 2 2 
3 2 4 4 5 4 4 2 4 3 3 2 3 2 2 4 3 4 4 4 
4 4 3 2 2 2 4 3 2 4 4 3 2 5 3 4 4 3 3 4 
3 2 5 4 4 3 2 3 2 4 3 3 2 4 3 2 2 4 3 3 
2 2 3 2 3 4 4 4 4 4 5 4 3 2 4 4 4 4 3 3 
2 4 3 4 3 4 3 2 4 3 4 3 4 4 3 3 4 3 3 4 
2 3 2 2 4 4 3 3 2 4 3 4 3 4 3 3 2 4 3 4 
3 4 3 2 4 4 3 5 4 4 3 2 5 3 4 2 4 3 3 3 
2 3 3 3 3 2 4 3 2 2 4 3 2 3 3 3 2 4 4 2 
2 4 4 4 4 4 4 4 3 2 3 2 3 2 5 4 4 3 2 2 
4 4 4 4 4 4 3 2 3 2 2 2 3 2 2 4 4 3 2 4 
4 4 3 2 3 2 3 2 4 4 3 2 4 4 3 3 2 2 3 2 
4 3 2 3 3 3 3 3 3 2 3 2 2 2 5 4 4 3 4 3 
3 3 3 4 3 4 3 2 3 2 4 3 3 3 3 4 4 4 3 2 
5 4 3 3 2 2 4 3 3 3 2 5 3 4 3 2 2 3 2 3 
2 5 4 4 4 3 2 3 2 2 5 4 3 2 3 4 4 3 2 2 
2 4 3 3 2 4 3 2 4 3 4 3 4 4 4 3 2 3 3 2 
4 3 3 3 3 4 4 3 3 3 3 2 2 2 3 2 3 3 3 3 
4 3 2 2 4 4 3 3 2 2 4 3 4 3 3 2 5 3 2 4 
3 3 2 3 3 2 4 3 3 3 4 4 3 2 3 2 4 4 4 4 
4 2 4 3 2 4 3 3 3 3 3 2 2 4 3 2 3 2 2 4 
4 4 4 4 3 3 2 3 2 3 2 2 4 4 4 4 4 3 4 4 
3 3 2 4 4 3 4 3 4 4 4 4 3 2 4 3 2 3 2 5 
3 4 4 3 3 3 2 2 4 4 3 2 2 4 3 3 3 3 2 5 
3 2 2 2 4 3 4 4 3 2 3 2 4 4 4 4 4 4 4 4 
4 4 3 4 3 2 3 2 5 3 3 2 4 4 3 4 3 2 2 2 
4 4 3 2 2 3 2 3 2 5 3 4 2 2 2 4 3 3 2 3 
2 4 4 4 3 2 4 3 3 3 4 4 3 2 4 4 4 4 3 3 
2 3 2 4 4 3 2 4 3 2 5 4 4 4 4 3 2 3 3 2 
4 3 3 3 2 2 3 2 5 4 4 2 3 2 4 3 2 2 2 3 
2 2 4 3 2 5 3 2 3 3 3 3 4 3 2 3 2 4 4 2 
3 2 4 3 2 3 2 5 4 3 4 3 4 3 3 2 4 4 3 2 
3 2 4 4 3 2 3 2 4 4 3 2 4 4 4 4 3 2 5 4 
3 3 3 2 3 2 3 2 2 4 4 4 3 4 3 2 4 4 4 3 
4 3 3 2 3 2 4 4 3 3 2 4 4 4 3 2 3 2 2 2 
4 3 2 4 3 2 3 2 2 4 3 3 2 4 4 4 3 3 2 3 
2 3 3 3 3 2 4 3 2 3 2 4 4 4 4 4 4 4 3 2 
2 3 2 3 2 5 4 4 3 3 2 4 3 4 3 3 2 3 2 3 
4 3 2 5 4 3 4 3 2 3 3 2 2 3 2 3 2 4 4 4 
4 4 4 2 4 3 2 4 4 3 2 4 3 2 4 4 5 4 4 4 
3 3 3 3 3 3 2 2 4 3 2 2 4 4 4 3 2 5 3 2 
4 4 4 4 3 2 2 2 4 4 3 2 4 3 2 2 4 4 3 2 
2 3 2 3 2 4 3 4 3 2 4 4 4 3 2 2 5 4 4 3 
3 4 4 4 3 2 2 5 4 4 4 5 4 4 3 2 3 2 3 3 
3 3 2 5 4 4 4 4 4 3 3 3 4 4 3 2 3 2 4 4 
4 3 4 4 4 3 2 2 4 3 2 4 3 3 3 3 2 2 2 2 
3 2 4 3 3 2 2 4 3 2 2 3 2 5 3 4 3 2 5 3 
2 4 3 3 2 3 3 3 2 5 4 3 2 5 4 4 3 2 2 2 
2 4 3 3 2 3 2 4 4 3 4 4 3 3 3 2 4 4 4 3 
2 4 3 3 4 4 3 2 2 4 3 4 3 3 4 4 4 4 3 3 
2 4 4 4 4 4 3 2 3 2 4 3 2 3 2 4 4 4 3 2 
4 4 3 4 4 3 2 3 2 2 4 4 3 4 4 3 2 3 2 4 
3 2 2 4 3 2 4 4 2 4 3 3 4 3 4 4 4 3 4 4 
3 2 2 4 4 4 4 4 4 4 4 3 4 4 4 3 2 2 2 3 
2 5 4 4 4 3 2 4 3 3 4 4 3 2 4 4 4 3 3 2 
5 3 2 2 4 3 3 2 4 3 4 4 4 4 3 2 5 3 3 4 
2 4 3 3 2 4 4 4 3 2 2 5 4 3 2 4 3 3 3 2 
3 2 2 4 3 3 3 3 2 3 2 2 5 4 4 4 4 4 3 3 
3 2 4 4 3 2 2 3 2 2 4 3 2 3 2 4 3 2 4 4 
4 3 2 3 2 3 2 4 3 2 4 4 3 4 2 4 3 3 4 3 
2 2 2 4 4 3 4 3 3 3 3 4 3 2 2 4 4 3 4 3 
4 3 4 4 3 2 2 4 3 3 3 4 2 4 3 3 4 4 4 4 
3 2 2 4 3 4 3 4 4 3 4 4 4 3 3 3 4 4 4 3 
3 3 2 4 4 3 4 3 4 3 2 2 3 2 4 3 2 4 3 2 
2 2 2 4 4 3 4 4 4 3 4 3 2 4 3 2 4 4 3 2 
4 3 2 2 3 2 3 4 3 3 2 4 4 4 3 3 3 4 3 2 
4 3 3 3 2 2 4 3 4 3 3 2 5 3 3 4 3 3 2 3 
2 4 4 3 2 4 3 2 3 2 3 3 4 4 4 4 3 2 4 3 
2 5 3 4 3 3 2 3 2 5 4 4 3 4 4 3 2 5 4 3 
2 5 3 2 2 4 4 3 4 4 4 4 4 3 2 3 2 3 2 2 
2 2 4 3 3 3 3 4 4 3 4 3 3 2 4 4 5 4 4 3 
2 4 4 4 3 4 4 3 4 3 4 3 2 2 3 2 4 3 4 3 
4 3 4 3 3 4 4 4 2 2 3 2 5 3 4 3 4 4 3 4 
4 4 3 2 3 4 4 4 3 2 3 2 3 3 3 2 5 4 4 4 
3 2 4 3 2 3 3 2 5 3 4 4 4 3 3 2 2 4 3 4 
3 2 3 2 5 4 3 2 3 3 2 4 4 5 4 3 2 3 3 2 
4 4 4 4 3 2 2 2 2 4 4 3 4 3 3 3 4 4 4 3 
3 3 2 4 2 2 3 3 2 3 4 3 2 4 3 3 2 2 3 2 
4 3 3 2 3 2 5 4 4 4 2 3 2 2 4 4 3 2 3 2 
5 4 4 4 4 4 4 4 4 4 4 4 3 3 3 3 2 3 2 5 
3 2 3 2 5 3 3 2 5 3 2 2 4 3 3 4 5 4 4 3 
3 3 3 3 3 3 2 3 3 2 4 3 4 3 4 3 4 4 4 4 
4 4 4 3 3 2 3 2 4 3 3 2 5 4 4 3 3 2 3 2 
4 3 4 3 3 2 4 3 2 3 4 3 4 4 4 4 3 4 3 3 
4 3 4 4 3 2 4 4 3 2 3 2 2 4 3 3 3 3 2 5 
3 4 2 3 2 2 4 4 4 4 4 4 3 3 2 3 2 2 4 3 
4 3 4 2 4 3 2 4 4 3 2 2 2 4 4 4 4 3 4 3 
4 4 4 4 4 4 4 5 4 3 2 4 4 2 4 3 4 5 4 4 
3 3 4 3 4 3 2 4 4 4 4 3 2 2 3 2 4 3 2 5 
4 4 4 4 4 3 2 5 3 4 3 4 3 2 4 4 3 2 4 3 
4 4 4 3 3 2 3 2 4 4 4 4 3 2 4 4 3 4 3 5 
4 3 2 4 4 2 4 3 2 3 2 3 2 4 3 3 4 4 4 4 
4 3 4 3 4 3 3 2 4 4 4 3 4 3 4 4 3 2 5 3 
4 3 3 2 5 4 3 2 5 3 2 2 4 4 4 3 2 4 4 3 
2 4 3 3 2 4 3 2 3 2 4 3 3 3 2 2 4 3 2 3 
2 4 3 2 3 2 4 4 3 4 4 4 3 3 2 2 4 4 4 4 
4 3 2 2 2 2 3 2 5 4 3 4 3 4 3 2 2 4 3 2 
4 4 4 3 4 3 3 2 4 3 4 3 2 4 3 2 4 4 4 4 
4 3 2 3 2 4 3 2 2 2 2 3 2 2 4 4 4 4 3 2 
2 5 4 4 3 3 2 5 4 4 4 4 3 4 3 4 4 4 4 4 
3 3 2 3 2 4 3 2 2 3 2 4 4 4 3 2 2 4 3 2 
5 4 3 2 3 2 4 3 2 2 2 2 4 4 3 2 2 3 2 2 
3 2 3 3 2 5 3 2 2 4 3 2 3 3 3 4 4 4 4 3 
4 3 3 2 3 3 3 3 2 4 3 3 2 4 3 4 4 4 3 2 
5 4 3 2 3 2 2 4 3 3 2 4 3 2 5 3 2 3 2 4 
4 4 3 2 4 4 3 4 3 3 2 3 3 4 3 2 5 4 3 2 
4 3 2 2 2 3 2 4 3 4 4 3 3 4 2 4 3 3 2 4 
3 2 4 3 4 3 4 4 3 2 3 2 3 3 2 4 4 4 3 4 
4 4 4 4 4 4 3 2 5 3 4 3 4 4 4 3 3 3 3 4 
3 4 4 3 2 5 3 2 3 3 3 3 4 4 4 3 2 4 4 3 
2 5 3 4 3 2 2 4 3 2 3 2 4 3 3 2 3 2 5 3 
2 3 2 4 4 4 4 3 3 2 2 4 3 2 3 3 3 3 4 3 
2 3 2 5 3 4 3 4 4 4 4 3 2 5 4 4 3 4 4 3 
4 3 3 4 2 2 2 3 2 5 3 2 2 2 4 3 2 4 3 3 
2 3 2 3 2 3 2 5 3 2 5 4 4 4 4 3 2 4 3 3 
3 2 5 4 4 4 5 4 3 2 4 4 4 4 3 4 3 3 2 4 
3 2 4 3 3 3 4 4 3 2 4 3 4 4 3 2 2 2 3 2 
5 4 4 4 4 4 4 3 2 3 2 3 2 4 3 4 4 3 2 3 
2 3 2 4 3 3 3 4 3 3 4 3 4 3 2 3 2 2 5 4 
4 4 4 4 4 3 3 4 2 2 3 4 4 4 3 2 3 3 2 4 
4 3 2 4 4 4 4 3 4 3 3 4 4 3 3 2 5 3 4 4 
4 3 4 4 4 3 2 3 4 3 3 2 2 4 4 2 4 3 4 4 
3 2 2 4 4 3 2 4 4 3 3 2 4 3 2 3 2 3 2 4 
4 3 2 3 2 2 4 3 3 2 4 4 3 3 4 3 3 2 3 4 
3 3 3 2 4 3 4 4 3 2 3 2 4 3 2 3 2 4 4 4 
4 3 2 2 4 4 3 4 4 3 3 4 4 4 4 4 3 2 5 3 
4 3 2 2 4 3 4 3 3 2 2 4 4 3 4 3 3 2 2 5 
4 4 2 3 2 2 2 2 3 2 5 4 3 2 5 3 4 3 3 2 
3 2 4 3 4 3 2 3 3 2 3 2 3 2 4 3 2 4 4 4 
3 2 3 3 3 3 2 5 4 3 4 3 2 3 2 5 4 4 3 2 
2 4 4 3 4 4 3 3 2 4 4 4 3 4 4 3 2 4 4 3 
2 5 4 4 4 3 3 2 4 4 4 4 4 3 4 3 4 3 2 4 
3 2 4 3 4 4 3 2 4 3 3 2 4 4 2 4 3 4 4 4 
3 2 2 2 2 3 2 3 3 3 3 2 5 3 2 3 2 2 3 2 
3 2 4 4 2 4 3 2 5 3 2 4 3 2 4 3 3 2 4 4 
4 3 2 4 4 4 3 4 4 3 2 4 3 2 5 4 4 4 3 4 
3 2 3 2 2 4 3 2 2 2 4 4 4 4 4 3 2 4 4 3 
5 4 3 2 2 4 4 2 3 2 4 3 4 3 4 3 2 3 2 4 
4 4 4 4 4 3 4 4 3 4 3 2 4 3 3 2 5 4 4 4 
5 4 4 3 3 3 2 3 3 2 4 3 3 2 2 4 3 3 3 3 
2 4 3 4 3 4 3 2 3 2 2 4 3 2 2 4 4 4 4 4 
4 4 4 3 3 2 3 3 2 3 2 4 4 4 3 3 3 2 4 3 
2 2 4 4 3 2 2 5 4 4 4 4 4 3 3 2 5 3 2 2 
4 4 4 3 4 2 2 4 4 4 3 4 4 3 2 2 2 4 3 3 
3 4 2 2 2 4 3 3 2 3 3 4 4 3 2 4 4 3 2 3 
2 3 2 2 2 4 3 2 2 4 4 4 4 4 4 3 2 3 2 5 
4 3 2 4 3 2 5 3 2 3 2 2 3 2 2 4 3 4 3 4 
4 3 2 4 4 4 4 3 3 3 4 2 4 2 4 3 2 4 4 3 
2 4 3 4 3 2 2 4 3 4 4 4 3 2 4 4 4 4 3 2 
4 3 2 4 3 3 3 4 3 3 2 4 3 2 4 3 4 3 4 4 
3 2 2 3 2 4 3 2 3 2 4 3 3 3 4 3 2 5 3 2 
5 4 4 3 2 3 2 5 4 4 4 2 4 3 2 2 4 3 3 3 
4 3 3 2 2 4 3 2 5 4 4 4 3 3 3 2 4 3 3 3 
3 2 3 2 2 4 4 3 4 3 3 4 4 4 4 4 3 2 4 3 
4 3 4 4 4 3 2 2 3 2 2 4 3 2 3 2 4 4 4 4 
4 3 2 3 2 4 3 2 4 4 3 2 2 2 4 3 3 2 4 4 
3 2 5 4 3 2 2 4 4 4 4 4 3 4 2 2 3 2 4 4 
3 2 4 4 4 3 2 4 4 4 4 4 3 2 3 2 2 4 3 2 
2 4 4 3 2 3 3 2 5 4 4 3 2 3 3 2 2 3 2 4 
4 3 2 5 4 3 2 3 2 4 3 3 4 4 4 4 3 4 3 3 
4 4 4 3 4 3 2 2 2 3 2 4 3 3 2 4 2 4 3 4 
3 3 4 4 3 4 3 4 4 3 3 3 2 3 4 3 2 5 3 2 
4 4 4 3 2 5 4 4 4 4 4 4 4 3 2 4 4 4 3 2 
5 3 4 3 5 4 3 2 2 3 2 5 4 3 4 3 4 4 3 2 
2 2 5 4 3 2 2 2 4 4 3 4 4 3 4 3 2 5 4 4 
3 2 4 4 4 3 2 3 2 4 3 3 2 3 3 3 2 3 2 4 
3 2 2 4 3 2 3 2 4 3 4 4 3 3 3 4 3 3 3 2 
2 4 4 2 2 3 3 3 2 4 3 3 3 2 4 3 3 2 3 3 
3 3 4 3 2 4 3 4 3 3 3 2 4 3 3 4 4 4 4 4 
4 4 4 3 3 2 4 3 3 2 3 2 2 2 4 4 4 3 2 4 
4 4 3 2 4 3 3 2 5 4 4 4 4 4 4 3 3 2 4 3 
3 3 4 4 3 3 2 3 2 2 4 3 2 2 4 4 3 2 4 3 
3 3 4 3 2 3 2 4 3 3 3 3 4 3 3 4 3 2 4 3 
4 3 3 4 4 3 4 3 2 4 3 2 5 3 4 2 3 2 5 4 
4 3 4 4 4 3 4 2 2 2 4 3 3 2 5 3 4 3 2 2 
3 2 3 2 3 2 2 2 4 4 3 2 4 3 2 2 2 4 4 5 
4 4 3 2 4 4 5 4 4 2 2 4 4 4 3 2 2 2 4 3 
2 3 2 2 2 4 4 3 3 2 5 4 3 2 3 2 2 5 4 4 
3 2 3 2 4 3 4 3 3 2 3 2 2 2 4 4 4 4 3 2 
4 4 4 4 4 4 3 3 3 2 3 2 5 3 4 3 3 3 3 4 
4 3 4 3 3 2 3 2 3 2 3 2 3 2 3 3 2 2 4 4 
4 3 2 2 4 3 4 3 2 4 4 3 2 4 4 3 4 3 2 4 
4 3 2 4 4 3 3 2 2 3 2 4 4 4 3 4 3 4 3 2 
2 2 2 3 2 2 5 4 3 3 3 3 2 4 4 4 4 2 4 3 
4 3 2 4 3 2 4 4 2 4 3 3 2 2 4 4 2 4 3 3 
2 2 4 3 2 2 2 2 4 3 4 4 3 2 5 4 4 4 4 4 
4 3 3 2 3 2 2 2 4 4 4 4 3 2 5 3 2 2 3 2 
2 4 4 4 4 3 2 5 4 4 3 3 2 5 4 4 2 3 2 3 
2 4 3 2 3 2 2 2 3 2 2 4 4 3 4 4 3 2 4 3 
3 2 2 3 2 3 2 2 4 3 3 4 4 4 4 4 3 2 5 3 
2 3 2 4 3 3 4 4 3 2 4 3 3 2 3 2 4 4 4 3 
2 3 2 4 3 3 2 4 4 4 3 2 3 2 5 3 2 4 3 2 
4 4 4 4 3 4 3 2 3 2 4 4 4 4 4 3 2 5 3 4 
3 3 2 2 5 4 3 2 4 4 3 2 4 4 4 3 2 3 2 2 
2 4 3 2 5 4 3 4 2 3 2 3 3 2 4 4 3 2 2 5 
4 4 3 2 2 3 2 3 2 2 3 2 4 4 2 2 2 4 4 4 
4 3 2 3 2 4 3 3 2 2 4 3 3 3 3 4 4 4 4 4 
3 3 2 2 2 3 2 2 3 2 4 3 3 3 3 2 3 4 3 3 
2 3 2 2 3 2 4 4 4 4 4 4 4 4 3 2 3 3 2 4 
4 2 4 3 2 2 3 3 4 4 4 3 2 3 2 5 3 4 3 2 
5 4 3 2 5 3 2 5 4 4 4 3 2 3 2 2 4 3 2 4 
3 2 2 4 3 2 3 3 3 3 2 2 4 3 2 2 4 4 2 4 
3 4 3 3 2 3 2 3 2 2 4 4 4 4 4 4 3 4 4 3 
3 2 5 3 2 4 3 3 3 4 3 4 4 4 3 2 2 2 2 4 
3 2 3 2 4 3 3 2 3 2 3 2 4 3 2 4 4 4 4 4 
4 3 2 4 4 3 2 4 4 4 3 4 4 4 3 2 4 3 3 3 
2 4 4 4 3 2 5 4 4 3 2 4 3 4 3 4 3 2 2 4 
3 3 3 3 2 4 4 3 4 3 2 2 4 3 2 4 3 3 2 3 
2 3 2 4 3 3 3 2 4 4 3 4 4 3 4 2 4 2 3 2 
3 2 5 4 4 3 3 2 5 3 4 4 3 2 3 2 3 4 3 2 
4 3 2 4 4 4 4 4 4 4 4 3 2 5 4 3 2 2 4 3 
2 2 5 4 4 3 3 4 4 4 4 4 4 4 4 4 3 2 3 2 
4 3 4 3 4 3 3 3 3 2 2 3 2 2 4 3 2 2 4 3 
4 4 4 3 3 3 4 4 3 2 3 2 4 4 2 4 3 2 4 4 
3 2 2 2 5 4 4 3 2 3 4 2 4 3 3 2 3 4 3 4 
3 2 2 3 2 5 3 3 2 3 2 3 4 3 3 2 3 2 4 4 
3 2 4 4 3 4 4 2 2 2 4 4 4 4 3 3 2 5 3 2 
2 4 3 3 3 3 2 4 3 4 3 2 2 4 3 4 3 4 4 4 
3 4 4 4 3 2 4 3 2 2 4 3 4 4 3 2 3 2 4 3 
3 2 2 2 2 3 2 4 4 3 2 4 3 2 4 3 2 4 4 4 
3 3 4 2 4 2 4 2 2 3 4 4 4 4 3 2 5 4 3 2 
4 4 4 3 2 4 4 3 4 4 4 4 3 4 3 2 2 2 4 3 
4 3 4 3 4 3 2 3 2 2 3 2 2 4 4 3 3 2 4 3 
3 2 5 3 2 2 5 4 4 3 2 3 3 2 2 2 5 4 3 2 
3 2 2 2 3 2 3 2 2 2 4 3 2 4 4 4 4 3 2 4 
4 4 4 3 3 2 5 3 4 3 3 2 2 4 3 4 3 2 4 4 
4 5 4 4 4 3 2 4 4 4 4 3 2 2 4 3 4 2 2 3 
3 2 4 3 3 3 3 4 2 4 3 2 4 3 2 4 3 3 2 2 
4 4 3 4 3 3 2 2 3 2 3 3 2 4 3 3 2 5 3 2 
4 3 2 4 3 2 4 3 4 3 2 3 2 3 2 5 4 3 2 3 
3 2 5 3 3 2 3 4 2 4 3 2 5 4 3 4 3 2 2 4 
3 4 4 4 3 4 2 4 3 2 3 3 3 4 3 2 4 3 3 4 
3 3 2 3 2 3 2 4 4 3 2 3 2 3 2 3 2 4 3 2 
3 4 2 4 3 4 3 3 2 4 4 4 4 3 2 4 3 2 3 2 
2 4 4 3 3 3 3 2 3 2 2 4 4 4 4 3 2 3 3 4 
4 4 3 4 4 5 4 4 3 2 2 3 2 5 4 3 2 2 5 4 
4 3 4 4 3 2 4 3 3 3 3 2 4 4 2 4 3 2 3 2 
2 4 3 3 2 5 4 4 4 3 2 2 2 4 3 3 3 4 3 2 
2 3 2 2 2 2 4 4 4 4 3 4 3 3 2 2 2 3 2 3 
2 4 3 2 2 3 2 3 2 3 2 4 3 3 3 2 2 4 3 2 
2 4 3 4 3 3 4 4 4 4 3 2 5 4 3 4 3 2 4 3 
2 3 2 5 4 4 3 2 5 3 2 2 4 3 2 4 4 4 4 4 
3 3 2 5 4 3 4 3 2 2 4 4 4 3 2 3 2 2 4 3 
2 3 2 4 4 4 3 2 4 3 3 2 3 2 4 4 3 2 2 4 
4 3 4 4 4 3 3 4 2 3 2 3 2 3 2 2 2 3 2 3 
4 3 3 2 4 3 3 2 3 4 4 5 4 3 2 3 2 2 4 3 
2 2 2 4 3 2 5 4 3 2 3 4 3 5 4 3 2 4 3 2 
4 3 4 3 4 3 2 2 3 2 2 2 4 3 3 3 4 4 4 4 
3 2 5 3 2 4 3 3 2 5 4 4 4 4 4 3 3 4 3 2 
5 4 4 3 2 5 3 2 4 3 3 4 4 4 4 4 4 4 3 2 
3 2 3 2 5 4 4 3 2 2 4 4 3 3 2 2 2 5 4 4 
3 4 4 4 3 2 4 3 4 4 4 4 3 3 3 2 4 3 4 4 
3 3 2 2 4 4 3 2 4 3 2 2 4 4 3 2 4 3 3 3 
2 3 2 4 3 3 3 2 3 3 2 4 3 3 2 4 3 2 2 4 
3 3 2 5 4 3 4 3 2 5 4 4 3 3 2 3 2 4 3 3 
4 4 3 2 4 3 3 3 3 2 3 2 4 3 4 2 4 3 2 4 
3 2 5 4 4 3 2 4 4 3 2 4 4 3 2 4 4 4 5 4 
3 2 4 3 3 3 2 4 4 5 4 4 3 3 2 3 2 2 4 3 
3 2 2 4 3 2 3 3 2 3 4 3 2 3 2 5 4 4 4 3 
4 4 3 3 4 3 3 2 3 2 3 2 2 3 2 2 3 2 4 4 
4 4 4 4 3 2 5 3 4 3 3 4 4 3 3 2 2 4 4 3 
2 2 5 4 3 2 2 3 2 4 3 3 3 3 4 3 2 4 4 4 
3 2 3 4 3 2 4 3 4 4 4 4 4 3 2 3 2 5 4 3 
3 3 3 2 2 4 4 4 4 4 4 4 3 2 2 5 4 3 2 2 
4 3 3 2 3 2 3 2 5 3 4 3 2 4 3 4 3 4 4 4 
3 3 4 3 4 4 3 2 5 3 2 4 4 2 4 3 2 5 4 4 
3 3 2 3 2 5 4 3 3 3 2 3 2 2 4 3 3 4 3 4 
3 4 3 4 4 4 3 2 3 2 2 3 2 3 3 3 4 2 4 3 
2 2 2 3 2 2 2 3 2 5 3 4 3 2 4 3 2 2 3 2 
2 4 4 3 4 4 3 3 2 5 4 4 4 4 3 2 5 3 2 5 
4 4 3 2 4 4 3 4 3 2 4 2 4 3 4 3 2 2 2 3 
2 5 4 4 3 2 3 2 4 4 3 2 3 2 4 3 3 2 3 4 
2 4 3 4 3 4 4 3 2 3 2 2 2 5 4 4 2 2 4 4 
4 4 3 4 3 2 4 4 2 4 3 2 4 3 2 2 2 4 3 3 
2 3 2 5 4 3 2 3 3 2 4 3 3 3 3 3 2 3 2 3 
2 2 3 2 2 3 2 3 2 2 3 2 2 4 3 2 2 2 2 4 
4 4 4 3 2 3 3 2 4 4 4 4 4 4 4 3 2 3 2 3 
3 3 4 4 4 3 3 4 4 4 4 4 4 4 3 4 3 3 2 4 
3 2 3 3 2 3 2 3 2 2 3 2 4 3 2 2 5 4 3 2 
4 3 3 2 4 3 2 2 2 4 3 3 3 3 2 3 2 4 3 3 
3 3 3 2 2 4 4 4 3 4 2 4 3 3 2 4 3 4 4 3 
2 3 2 4 4 4 4 4 4 4 3 2 4 3 3 3 3 3 3 4 
3 2 3 2 4 4 3 4 3 2 5 3 2 3 2 4 4 2 4 3 
3 2 4 4 3 3 3 2 5 4 4 3 4 3 2 4 3 3 3 4 
3 2 2 4 4 4 3 2 4 4 3 2 2 3 2 4 3 4 3 4 
3 3 2 4 3 2 3 3 2 5 3 4 4 3 3 3 2 2 2 2 
3 2 2 2 3 2 5 4 3 2 3 3 3 3 3 2 2 4 4 4 
4 4 4 3 2 2 4 3 3 3 2 4 3 2 4 3 3 3 2 5 
3 2 4 3 2 3 3 2 2 2 3 2 4 3 2 3 2 2 4 4 
4 4 5 4 4 3 2 4 3 3 3 2 4 3 2 2 2 3 2 2 
3 2 2 3 2 4 3 4 4 3 2 4 4 3 4 3 2 5 3 2 
3 3 4 4 4 4 4 3 3 2 4 4 4 3 4 3 3 3 2 3 
4 3 4 4 4 4 3 2 5 4 3 4 3 4 3 2 5 4 3 4 
3 2 2 2 4 3 2 3 3 3 4 3 3 2 3 2 2 4 3 3 
2 3 2 4 4 3 2 2 2 3 2 2 4 4 3 4 3 2 4 3 
2 2 3 2 4 3 3 2 5 3 2 3 2 2 5 4 4 3 3 4 
2 4 4 4 4 4 3 2 2 3 2 4 3 3 2 3 2 5 4 4 
3 2 3 2 3 2 5 4 4 3 2 3 3 2 5 3 2 4 3 3 
3 4 3 2 4 3 4 3 4 3 4 4 3 2 4 3 3 3 3 4 
5 4 4 3 2 5 4 4 3 3 2 3 2 3 2 4 4 4 3 4 
3 2 2 2 5 4 4 3 4 4 3 3 2 2 4 3 2 5 4 3 
2 5 3 4 3 2 4 3 3 3 3 2 3 4 4 3 2 4 3 2 
3 3 2 5 3 2 3 2 4 4 4 3 4 4 3 2 4 3 3 3 
3 3 4 4 4 4 3 2 5 4 3 2 3 2 3 2 2 4 4 3 
4 3 3 3 2 4 3 3 2 3 2 5 3 2 2 4 3 4 3 3 
4 4 4 4 4 3 2 3 2 3 2 4 3 2 3 2 4 3 4 4 
3 2 4 4 4 4 4 3 3 3 2 5 4 4 3 3 3 4 3 2 
4 3 3 2 3 2 2 4 3 2 2 4 3 2 2 2 2 5 4 4 
4 4 3 2 3 2 3 2 2 5 4 4 3 3 3 2 4 4 3 2 
2 3 2 3 2 3 2 2 4 4 2 4 3 2 3 2 2 5 4 3 
2 3 3 2 4 4 4 4 3 2 2 3 2 3 2 5 4 4 3 2 
3 3 3 2 5 4 3 2 3 3 2 3 2 4 3 2 5 3 3 3 
2 5 4 4 3 3 4 4 4 3 2 3 2 4 3 2 4 3 2 4 
3 2 4 4 3 2 4 3 2 3 3 2 4 4 3 4 4 3 2 5 
4 4 2 4 3 4 4 3 2 5 3 2 2 4 3 3 3 3 4 2 
4 3 4 2 4 2 2 2 4 4 4 4 3 2 3 2 4 3 3 3 
4 4 3 3 3 4 3 2 5 4 4 3 3 2 4 3 4 4 4 4 
3 4 3 4 4 4 4 3 2 3 2 4 4 5 4 4 3 2 4 4 
4 4 3 3 3 3 2 3 4 2 4 3 3 4 3 2 3 4 3 2 
2 2 4 4 4 3 2 4 4 4 4 4 4 4 3 4 3 4 4 3 
2 4 4 3 2 4 3 2 5 3 4 3 4 4 4 4 3 2 3 2 
2 3 2 5 3 4 3 2 4 3 3 2 3 2 5 3 2 4 3 3 
2 3 2 3 3 3 2 4 3 4 3 4 3 3 2 5 3 2 3 3 
3 3 2 2 2 3 2 4 4 3 3 3 4 4 4 3 2 4 3 2 
2 3 2 4 4 4 3 3 3 2 2 4 4 4 4 4 4 3 2 4 
3 4 3 2 3 2 2 4 3 2 4 4 4 3 2 2 3 2 4 3 
2 3 3 3 2 4 3 2 5 4 4 2 2 2 4 3 2 2 4 3 
3 4 3 2 5 4 3 2 5 4 3 4 3 2 4 3 3 4 3 2 
4 3 2 4 4 4 3 2 2 4 4 4 4 3 3 2 3 2 3 4 
3 3 2 4 3 3 2 3 2 4 4 3 4 3 2 2 4 3 2 2 
4 3 2 4 3 2 2 3 2 3 2 4 4 4 4 4 4 3 3 2 
3 2 4 4 4 4 3 3 2 3 2 4 3 2 4 4 3 2 2 4 
4 3 4 3 4 3 4 4 4 3 2 4 3 2 5 4 4 3 2 2 
2 3 2 4 3 2 5 3 2 4 4 4 3 2 2 4 4 3 3 2 
4 4 4 4 3 3 3 3 3 2 4 4 4 4 3 4 3 2 4 3 
4 3 2 3 3 3 2 4 3 2 4 4 4 4 4 3 2 4 4 3 
2 3 2 5 3 2 3 2 2 4 3 3 2 4 3 2 4 4 4 3 
4 3 4 3 2 3 2 3 2 5 4 4 3 3 3 2 2 5 4 3 
2 5 3 4 4 4 3 2 3 2 2 2 5 4 4 3 4 3 2 3 
3 3 2 2 4 3 2 2 5 4 4 3 2 4 4 3 3 2 2 4 
4 2 4 3 4 4 3 3 3 2 3 2 5 4 4 4 3 2 5 4 
3 2 3 2 2 4 4 4 4 4 3 4 4 4 3 3 2 5 3 4 
3 2 4 4 3 2 2 4 3 4 3 4 4 4 4 3 2 3 2 4 
4 4 4 4 3 3 4 4 3 2 3 2 4 3 3 3 4 4 3 4 
3 4 4 3 3 2 3 2 2 4 3 3 3 2 5 4 4 3 4 3 
3 3 2 5 4 3 2 3 2 4 4 3 3 4 3 2 4 4 3 3 
3 4 4 4 3 3 4 3 4 4 3 2 2 4 4 3 2 2 2 2 
4 3 4 4 4 4 4 4 4 4 3 3 2 5 3 4 2 2 3 3 
4 4 3 2 5 3 3 2 2 2 2 3 2 5 3 2 5 4 4 3 
2 4 3 2 4 3 2 4 3 4 3 3 2 4 4 4 3 2 3 2 
3 2 2 3 2 4 3 3 2 3 2 2 4 4 3 4 4 3 2 4 
3 2 5 3 2 2 2 3 2 4 3 2 4 3 2 2 4 4 4 4 
4 4 4 3 3 2 4 4 4 3 2 5 3 3 2 3 2 3 4 3 
4 3 4 4 5 4 4 4 3 3 3 2 2 4 3 3 2 3 2 4 
3 2 3 2 2 4 3 2 3 2 3 4 3 4 3 2 5 4 3 2 
3 2 3 2 2 2 4 3 2 2 2 4 4 2 4 4 3 2 3 2 
4 3 2 3 2 5 4 3 4 3 3 2 4 3 3 2 4 4 4 4 
4 3 3 4 2 4 3 3 4 4 3 3 2 4 4 5 4 4 2 3 
2 4 4 5 4 3 2 4 4 4 3 3 3 3 4 3 4 3 2 3 
2 4 4 3 2 2 5 4 4 3 4 3 2 3 3 3 2 3 2 2 
4 4 3 2 4 4 3 4 4 4 3 3 2 5 3 2 4 4 3 3 
2 3 2 2 4 4 4 4 4 4 3 2 3 2 4 4 4 3 2 3 
2 2 5 4 4 4 4 3 2 4 3 2 4 4 4 3 4 4 3 3 
3 4 3 4 3 4 4 4 4 2 2 3 2 3 2 3 2 2 3 2 
3 2 4 3 2 2 4 3 3 2 2 2 2 4 3 2 2 4 3 2 
3 2 4 3 2 4 4 3 2 2 3 2 5 4 3 4 3 3 2 3 
2 2 4 4 4 4 3 2 3 2 3 2 4 4 3 2 2 2 2 4 
4 4 4 4 4 4 3 4 3 2 2 4 4 3 4 4 4 4 4 4 
4 4 3 2 5 4 4 4 3 3 4 2 2 4 3 2 4 4 4 4 
3 2 4 4 4 4 3 2 4 3 3 3 2 3 4 3 4 3 3 2 
4 3 2 4 4 2 4 3 2 2 3 3 3 4 3 2 4 4 2 4 
3 4 3 2 3 2 3 2 4 4 4 3 2 2 5 4 4 2 2 2 
4 4 4 3 2 5 3 4 3 4 4 4 3 2 3 2 2 2 2 4 
3 4 3 4 4 4 4 3 4 4 2 3 2 2 4 3 2 4 3 4 
3 4 4 4 3 2 5 3 3 2 5 4 3 2 4 3 4 4 4 3 
2 4 4 3 2 4 3 3 2 2 2 4 4 4 3 2 4 4 3 4 
3 3 2 4 4 4 4 4 3 2 4 4 4 4 4 4 4 3 2 4 
4 2 4 3 4 4 3 2 2 2 2 4 3 4 3 2 5 3 2 3 
2 3 4 4 4 3 2 4 3 2 3 3 4 4 4 4 4 4 3 2 
3 2 3 2 3 2 5 3 4 3 3 4 2 2 4 4 4 3 4 3 
2 2 4 4 3 3 2 4 3 4 3 2 4 3 2 3 2 3 2 2 
4 3 4 4 3 2 3 3 3 4 3 2 3 2 3 4 3 2 3 4 
3 3 2 3 2 4 4 3 4 4 3 2 5 4 3 2 3 2 5 3 
4 3 2 3 2 4 3 3 3 4 4 4 4 4 4 4 4 4 3 4 
3 3 2 4 3 2 2 3 2 4 3 4 4 3 2 2 2 4 4 3 
2 4 3 2 4 4 3 2 2 4 3 4 3 2 4 3 3 2 4 3 
3 2 4 3 3 3 3 2 4 3 3 2 4 4 4 3 2 4 4 3 
4 3 2 4 4 4 4 3 3 3 4 4 3 3 2 3 2 5 3 2 
3 4 2 2 4 3 2 2 4 3 2 3 4 3 4 4 3 3 2 4 
3 2 2 4 4 4 3 4 3 4 4 3 2 2 2 5 4 4 3 3 
2 3 2 4 3 2 2 4 3 2 2 5 4 4 3 2 4 4 4 3 
3 2 4 3 3 4 3 3 4 4 3 2 4 4 4 3 4 4 3 2 
5 4 4 4 3 2 3 2 4 4 3 2 3 2 4 4 3 2 2 3 
2 2 4 4 3 3 3 3 3 2 3 3 4 4 4 3 2 5 4 3 
2 2 4 4 4 4 4 3 4 2 4 3 4 4 4 3 3 2 3 4 
3 2 2 2 3 2 4 3 4 3 3 2 4 3 4 4 3 4 4 3 
2 3 2 4 4 4 4 4 4 4 3 2 4 3 3 3 2 3 2 5 
3 4 3 2 4 4 4 3 2 2 4 4 3 2 4 4 2 4 3 2 
4 4 3 3 2 4 3 4 3 2 2 4 4 3 4 3 3 3 2 5 
4 4 4 4 3 2 5 3 4 3 2 3 2 4 4 3 2 4 3 3 
3 2 4 3 2 4 3 4 3 2 2 4 4 4 3 3 3 4 4 4 
3 2 5 4 4 4 4 4 3 3 3 2 3 2 2 2 4 3 2 2 
2 4 4 2 2 3 3 2 4 4 4 4 4 4 4 3 3 3 2 4 
3 2 4 3 3 3 2 4 3 3 2 4 4 4 3 2 5 3 3 2 
4 4 4 4 4 3 4 3 2 2 4 3 2 2 2 4 4 4 3 2 
5 4 4 3 2 5 3 2 3 2 2 4 3 4 3 2 4 3 2 3 
2 3 3 2 5 3 4 3 3 2 5 3 2 3 2 5 4 4 3 3 
4 3 4 2 4 3 3 4 3 2 4 3 3 3 4 4 3 2 4 4 
3 4 3 3 2 5 3 4 3 4 3 2 3 2 2 2 4 3 3 4 
4 4 3 4 3 2 3 2 5 4 4 3 2 3 2 3 4 3 2 2 
3 2 4 4 3 2 4 3 2 2 4 4 4 4 4 4 3 2 2 4 
3 3 3 2 4 4 3 2 2 2 3 2 4 3 3 3 4 4 3 2 
2 4 4 3 4 3 2 2 3 2 5 4 4 3 2 4 3 3 3 2 
3 2 4 3 2 3 2 2 4 3 3 3 2 4 3 3 3 2 3 2 
2 4 3 2 3 2 2 3 2 3 2 3 2 4 3 3 3 4 5 4 
3 2 4 4 5 4 4 2 4 3 2 4 3 2 2 3 2 4 3 3 
3 2 4 3 3 4 3 2 2 4 4 4 3 2 5 4 4 4 4 3 
4 3 2 4 3 3 2 4 3 2 3 2 5 4 4 4 4 4 3 2 
5 4 3 2 3 2 5 3 2 3 2 3 2 4 3 3 2 3 2 4 
4 4 4 4 4 3 4 3 3 3 2 3 2 2 4 3 3 3 4 3 
2 4 4 4 4 3 2 2 2 5 4 4 4 2 4 3 2 5 4 3 
2 4 3 3 2 2 2 5 4 3 2 4 4 4 3 3 2 2 4 4 
4 4 4 3 4 4 3 3 3 2 5 4 4 3 2 3 3 2 3 4 
3 2 4 4 3 4 4 3 2 5 4 4 3 2 4 3 2 4 3 4 
4 4 4 4 3 3 2 2 4 3 3 2 4 4 3 3 2 2 2 5 
4 4 2 2 4 3 3 2 5 4 3 3 2 4 4 3 2 3 2 3 
2 3 3 3 2 4 3 4 3 2 4 3 3 2 4 4 4 3 3 4 
3 3 2 2 4 4 2 2 2 3 2 4 3 3 4 2 4 3 3 4 
3 2 4 4 4 4 3 2 3 3 3 3 2 4 4 4 4 4 4 4 
4 3 4 2 4 3 2 5 4 4 4 4 3 2 5 4 3 2 5 3 
4 3 3 3 2 2 3 2 5 4 4 4 4 4 3 2 2 4 3 3 
2 3 2 2 4 3 2 3 4 3 4 4 2 4 2 3 2 2 5 4 
3 2 5 3 2 3 4 4 4 3 2 3 3 3 2 3 2 5 4 4 
3 2 4 4 3 4 4 2 2 2 3 2 4 3 3 2 4 4 4 4 
3 4 3 2 3 2 3 2 4 4 4 4 4 3 2 2 4 4 3 3 
2 5 4 4 4 3 4 3 2 4 4 4 4 3 2 2 3 2 5 3 
2 4 4 3 4 3 4 3 2 4 4 4 4 3 2 4 4 4 4 4 
4 4 4 3 2 4 4 4 4 3 2 2 2 2 4 3 2 3 3 3 
2 5 3 2 4 4 3 4 4 4 4 3 2 3 2 2 2 4 3 3 
3 4 4 3 3 4 3 3 3 3 4 3 2 4 4 4 3 3 2 2 
4 3 2 2 2 4 4 3 4 3 4 4 4 3 3 4 4 4 3 2 
2 3 2 2 4 4 3 2 2 2 3 2 2 2 5 4 4 3 2 4 
3 2 3 2 4 4 4 4 3 3 2 5 3 2 3 4 4 4 4 3 
4 4 3 4 3 4 4 3 4 3 3 2 4 3 4 3 4 3 2 4 
4 4 3 4 4 4 4 4 4 3 2 5 4 3 3 2 2 3 3 3 
3 2 3 2 2 3 2 3 2 3 2 3 2 5 4 3 4 2 4 3 
2 4 3 2 5 4 4 4 3 4 2 3 2 2 3 2 2 4 4 2 
4 3 4 4 4 4 3 3 4 3 3 2 4 3 2 5 4 4 4 3 
3 3 2 2 2 3 2 4 3 4 3 4 4 3 2 4 4 3 2 4 
3 2 3 4 4 3 2 4 4 4 4 4 2 4 3 2 4 3 4 2 
3 2 3 2 2 3 2 2 5 4 3 2 2 4 3 3 2 5 4 3 
3 2 3 2 4 3 4 3 2 5 4 4 4 3 3 2 2 4 3 3 
2 4 3 2 2 4 3 2 5 3 3 2 3 2 5 3 2 3 2 2 
4 3 3 2 4 4 4 3 2 4 4 4 4 4 4 3 3 2 2 3 
2 2 2 4 3 3 2 3 2 2 4 3 4 4 3 3 3 2 2 4 
3 4 4 4 4 3 3 2 5 3 2 4 3 4 3 2 2 2 3 2 
5 4 3 2 2 4 4 4 3 2 3 2 2 3 2 3 2 4 3 2 
3 2 5 4 4 4 4 3 2 5 4 4 4 3 3 2 3 2 5 4 
3 3 3 4 4 3 2 2 3 2 4 3 4 3 2 2 4 3 2 3 
2 3 2 4 3 2 5 3 3 2 5 4 4 4 3 4 3 2 4 4 
5 4 4 4 4 4 3 4 3 2 5 4 4 4 4 4 3 3 2 5 
4 4 3 2 4 3 2 4 3 3 3 4 2 4 3 3 3 2 5 4 
3 3 3 2 4 4 4 4 4 3 2 4 3 4 3 2 2 3 2 5 
4 4 3 2 4 4 3 2 5 3 2 4 4 4 3 2 4 3 2 3 
2 5 4 3 2 2 2 4 3 2 4 3 4 3 4 4 3 2 4 3 
3 3 2 2 4 3 2 4 3 2 2 4 4 4 3 4 3 4 3 3 
3 3 4 3 2 3 2 4 4 3 3 2 2 2 2 4 4 4 3 2 
5 4 4 3 4 3 3 2 4 4 3 4 3 3 2 5 4 4 4 3 
2 3 2 2 2 3 2 5 4 4 3 3 2 2 4 3 2 4 3 2 
3 2 3 3 3 4 4 3 2 5 4 3 4 3 2 5 3 4 3 3 
3 4 3 2 2 4 4 3 2 3 2 3 2 2 4 3 2 5 3 2 
4 3 3 2 4 2 4 4 4 3 2 2 5 4 3 3 3 4 4 4 
4 4 3 2 4 3 3 3 4 4 4 4 4 3 3 2 2 2 4 3 
2 3 2 2 3 2 4 4 3 2 4 3 2 3 2 3 2 3 4 3 
4 4 3 2 2 2 2 3 2 4 4 4 4 3 4 3 4 3 3 2 
3 3 3 3 4 4 4 3 2 5 3 3 2 3 4 3 4 3 2 4 
3 2 5 4 3 2 2 4 4 4 4 3 4 3 4 2 3 2 4 4 
3 2 3 2 2 3 2 4 3 3 2 3 3 2 2 2 4 4 3 2 
4 3 3 3 3 4 3 2 3 2 2 2 4 3 2 5 4 4 4 4 
3 2 4 4 4 3 2 3 2 3 2 4 4 3 2 3 2 5 4 3 
3 2 3 4 4 4 3 3 3 2 2 4 4 4 4 4 4 3 2 4 
3 2 5 4 4 4 3 3 2 2 3 2 3 2 2 2 3 2 5 4 
3 4 4 3 4 3 2 3 2 3 3 4 4 3 3 2 4 3 2 2 
4 4 4 4 4 3 4 2 2 3 3 3 3 3 2 2 4 4 4 4 
4 4 4 4 4 4 3 2 3 2 2 3 2 5 3 2 5 3 2 2 
4 4 3 4 4 4 3 3 4 3 2 4 3 3 2 3 3 3 2 3 
3 3 3 2 4 3 4 3 2 3 2 2 3 2 5 4 3 2 3 2 
4 3 3 3 2 4 3 3 3 3 2 5 3 3 2 2 3 2 2 2 
4 3 3 2 4 4 4 4 4 3 2 5 4 4 4 4 4 4 3 3 
2 2 3 2 5 3 2 2 2 4 3 3 3 4 3 2 3 2 3 4 
2 3 2 4 4 4 4 3 2 4 4 2 4 2 4 3 2 4 3 2 
4 3 2 3 2 4 3 4 3 2 3 2 2 3 2 3 2 5 3 2 
5 3 2 3 4 3 2 5 4 4 4 3 3 2 4 3 2 4 3 3 
4 4 4 4 4 4 3 4 3 3 2 4 3 2 4 3 3 2 2 4 
3 4 3 2 5 3 2 2 5 4 3 2 4 4 3 2 4 4 4 3 
2 4 3 2 2 4 4 3 2 2 2 3 2 2 3 2 3 2 2 2 
4 3 3 3 3 2 5 4 4 4 3 3 2 4 4 3 2 2 2 3 
2 3 2 5 3 2 2 3 2 3 3 4 4 3 4 3 4 4 4 3 
2 3 2 2 2 4 4 4 4 3 2 5 3 2 2 2 3 2 3 2 
5 3 3 2 2 4 4 4 4 3 3 2 4 3 2 5 3 2 3 3 
3 3 2 3 2 4 4 4 4 3 4 3 3 2 3 3 3 2 5 3 
4 3 3 3 2 4 3 3 3 3 2 2 4 4 4 3 2 5 4 4 
2 2 3 2 3 2 3 3 3 3 4 3 3 2 4 4 4 3 4 4 
4 3 3 3 3 2 4 3 4 4 3 3 3 2 3 2 2 3 2 3 
2 3 2 3 4 2 2 3 4 3 2 5 3 2 4 4 4 4 4 4 
3 4 3 2 4 3 2 4 3 2 4 3 2 2 4 3 4 3 4 4 
3 3 2 2 2 4 3 2 2 2 3 2 3 2 2 4 3 2 4 3 
2 4 4 4 3 2 3 2 4 4 2 3 2 3 2 2 4 3 2 2 
3 2 5 3 2 3 3 2 2 4 3 2 4 3 2 5 4 4 3 2 
4 3 3 3 2 4 4 4 3 3 4 3 3 3 3 4 4 3 3 2 
4 3 2 4 4 4 4 3 3 4 3 2 2 2 2 4 3 2 2 4 
4 4 4 3 2 2 4 4 3 4 4 2 2 2 2 2 2 5 4 4 
3 4 4 3 2 3 2 3 4 3 3 2 5 4 4 3 2 4 3 3 
2 2 3 2 3 3 3 4 4 4 4 4 4 3 2 3 2 3 2 5 
4 3 4 3 4 4 3 2 4 3 2 3 2 2 4 3 2 5 4 4 
3 2 2 4 3 2 4 4 4 3 2 2 4 3 4 4 4 3 3 3 
2 5 3 2 4 4 4 3 3 2 4 4 3 4 3 2 4 4 4 4 
3 4 4 3 4 4 4 4 4 4 3 4 3 2 2 4 3 2 4 3 
2 3 2 2 2 4 4 4 3 2 5 3 3 4 3 4 3 2 5 4 
4 3 3 4 2 3 2 5 3 2 2 4 4 3 4 4 4 3 2 5 
3 4 2 3 2 2 2 2 2 4 4 3 3 2 2 2 4 3 3 4 
4 3 4 4 4 3 2 5 3 2 4 4 3 2 4 4 4 3 2 4 
4 4 4 4 4 3 4 4 3 2 3 4 4 4 3 2 5 4 3 3 
2 3 2 4 4 3 3 2 2 4 4 4 4 3 2 5 4 4 4 3 
2 3 2 3 4 3 2 4 3 2 4 3 3 2 5 3 4 3 4 4 
3 4 3 4 4 4 4 3 2 3 3 2 2 4 3 2 4 3 3 2 
4 4 3 4 4 3 2 4 3 3 3 3 2 2 4 3 2 4 4 4 
4 4 3 4 3 3 2 3 2 4 3 2 5 4 4 4 3 4 4 4 
3 2 4 3 4 3 3 3 2 5 3 4 3 2 4 4 3 2 4 4 
4 3 2 2 2 4 3 3 2 3 2 3 3 2 4 4 4 4 4 3 
2 2 2 3 2 3 4 3 4 3 4 3 3 4 3 3 3 3 2 5 
4 3 2 5 4 3 3 3 2 2 2 5 4 4 4 3 2 3 2 3 
2 3 2 3 2 4 3 4 3 3 3 4 3 3 4 4 3 2 4 4 
4 4 4 4 3 3 3 3 2 3 2 5 4 3 2 2 4 3 3 2 
3 2 3 3 3 2 3 2 3 3 3 2 3 4 3 2 4 4 3 4 
4 3 4 4 4 3 2 3 3 2 5 4 3 4 3 3 3 2 3 2 
4 4 4 4 3 2 4 4 4 4 3 4 2 4 3 2 3 2 5 4 
4 4 3 3 2 5 4 3 3 2 2 4 3 3 4 3 2 2 4 4 
4 4 4 4 4 4 4 4 3 2 4 4 4 3 2 2 4 3 4 2 
4 2 4 3 4 4 4 4 4 3 3 4 4 3 2 4 3 4 3 4 
3 4 4 4 3 4 3 2 2 4 3 2 2 4 4 4 5 4 4 3 
2 2 4 4 4 3 2 5 3 2 2 4 3 2 2 3 2 2 3 2 
5 4 4 4 4 4 3 3 2 2 4 4 3 2 3 2 2 5 4 4 
3 2 3 4 2 4 3 3 2 3 2 2 2 4 3 2 2 4 3 4 
3 4 3 5 4 3 2 4 4 4 4 3 2 3 2 4 4 3 4 4 
4 4 3 2 5 4 4 3 3 2 2 3 2 2 4 3 2 2 3 2 
2 4 3 2 4 4 3 2 3 2 5 4 4 3 2 3 2 4 3 2 
5 4 4 4 3 4 3 2 2 4 3 4 3 3 2 2 3 2 5 4 
4 4 4 4 4 3 3 3 3 4 4 4 4 4 3 2 3 2 5 4 
4 3 3 3 2 2 4 4 3 3 2 2 4 3 4 3 2 5 4 3 
2 4 3 4 3 2 3 2 2 4 4 5 4 3 2 4 3 3 3 4 
4 4 3 2 4 3 2 5 4 4 4 2 3 2 4 3 4 3 3 2 
3 3 2 3 2 5 3 2 5 3 3 2 3 2 2 4 3 3 3 2 
3 3 4 3 2 5 4 4 3 4 3 2 3 2 4 3 2 2 5 4 
4 2 2 3 3 3 2 5 3 2 2 3 2 2 3 2 4 3 4 3 
2 3 2 3 2 2 4 4 3 4 3 3 2 5 3 3 2 2 4 3 
2 3 2 2 4 4 2 4 3 2 2 3 2 4 3 3 2 4 4 4 
4 3 2 2 2 3 2 2 3 2 4 4 3 3 2 5 3 2 2 5 
4 3 2 3 3 3 2 3 3 3 3 3 2 2 4 3 3 2 3 3 
3 4 3 2 4 3 2 2 4 4 4 3 2 2 4 4 4 4 3 4 
3 3 4 4 3 2 2 4 3 3 3 2 4 4 4 3 2 5 3 2 
3 4 3 4 4 4 4 3 3 3 3 3 3 2 3 4 3 2 2 4 
4 3 2 4 4 3 2 4 3 2 3 3 3 2 3 2 3 3 3 4 
4 3 2 3 2 5 3 2 2 3 2 4 4 4 3 2 3 3 4 3 
2 2 3 2 3 2 4 3 3 3 4 3 4 3 3 2 3 2 4 4 
3 4 3 3 3 4 4 4 3 2 2 3 2 3 2 2 4 3 3 2 
2 2 2 4 4 2 2 3 4 3 2 2 4 3 4 4 4 4 4 4 
4 3 4 3 2 5 4 3 4 3 3 2 5 4 3 3 3 3 2 3 
4 2 4 2 3 2 5 3 4 3 4 3 4 4 3 2 4 3 2 3 
2 4 3 4 4 3 2 2 4 3 2 4 3 2 4 4 4 3 3 2 
5 4 4 4 3 4 3 4 4 4 4 3 2 4 3 3 3 2 3 2 
4 3 4 4 4 3 2 2 4 4 4 4 4 2 3 2 5 4 3 4 
3 3 4 3 2 2 4 4 4 4 4 3 4 4 3 2 5 4 3 3 
2 4 4 4 3 2 4 4 4 4 3 4 4 3 3 2 5 4 4 4 
4 3 3 3 4 3 2 4 3 2 4 3 2 3 2 4 3 3 2 3 
2 2 5 4 4 4 2 2 4 4 3 2 5 3 2 4 3 2 3 2 
3 2 5 4 4 4 3 3 4 4 3 2 2 4 4 4 3 2 3 2 
2 2 2 4 4 4 4 4 3 2 4 3 3 4 3 2 2 4 4 2 
4 3 4 4 3 2 5 4 4 4 3 3 2 3 2 5 4 4 4 3 
2 5 4 4 3 4 3 4 5 4 3 3 3 4 4 4 4 3 4 3 
3 2 2 4 4 3 2 2 3 2 3 2 4 4 3 4 2 3 2 4 
3 3 3 3 4 3 3 2 4 4 3 2 4 4 4 3 4 4 4 5 
4 4 2 3 2 5 4 4 4 3 3 2 2 5 4 4 3 3 2 3 
4 3 3 3 2 2 2 4 3 4 3 2 4 4 3 4 4 3 3 2 
4 3 4 3 3 4 3 3 2 4 4 3 4 3 2 2 4 3 2 2 
4 4 4 3 2 5 3 4 4 4 4 5 4 3 3 2 4 3 2 3 
2 5 3 4 2 4 3 2 5 4 3 2 4 4 3 4 3 4 4 4 
3 2 3 4 3 4 4 3 3 4 2 2 3 3 3 2 3 2 2 4 
3 2 2 5 4 3 2 2 4 3 2 4 3 3 2 3 2 3 2 2 
4 3 4 3 3 2 3 3 2 3 4 3 4 3 4 4 3 4 4 4 
4 4 4 3 2 5 4 4 3 2 3 2 2 3 2 4 4 4 3 2 
4 3 4 3 3 3 3 2 5 4 3 2 3 2 3 2 3 2 4 4 
3 2 3 2 4 4 2 2 4 4 3 2 4 3 4 3 2 4 3 2 
4 4 4 4 4 4 3 2 2 4 4 2 4 3 3 4 3 3 3 2 
4 3 2 2 2 4 3 4 2 4 3 2 3 2 2 3 2 2 2 2 
4 3 3 2 4 4 4 3 2 2 2 2 4 3 2 4 3 2 3 2 
2 2 2 4 4 4 4 4 4 4 4 2 3 2 4 3 3 2 5 4 
3 2 2 2 4 3 3 3 3 4 4 3 3 2 5 4 3 3 3 4 
4 4 3 3 2 2 4 4 2 2 3 3 2 4 3 2 2 3 2 4 
3 2 5 4 4 4 3 4 3 3 2 4 4 3 2 4 4 2 2 4 
4 3 2 4 3 2 2 4 4 4 3 2 4 4 4 3 2 4 4 3 
2 3 2 5 3 4 3 2 3 3 3 2 2 4 4 3 4 4 4 4 
3 3 2 3 2 5 4 4 4 3 2 2 4 3 3 3 3 4 2 2 
3 2 3 4 3 4 3 4 3 3 2 3 4 4 5 4 3 2 5 3 
2 5 3 3 2 3 2 4 4 4 4 4 4 4 4 4 3 4 4 5 
4 3 2 5 3 4 3 2 3 2 4 4 2 3 2 4 3 4 3 3 
4 2 4 3 3 4 3 2 4 4 3 4 3 2 2 4 4 3 2 4 
4 3 2 4 3 2 3 2 4 3 2 4 3 2 5 3 4 3 3 3 
2 3 2 3 2 3 2 5 3 2 3 2 4 4 3 4 3 2 4 3 
2 2 2 3 2 5 3 2 4 4 4 3 4 3 2 4 3 2 3 2 
5 4 4 3 2 3 2 5 3 4 3 2 5 3 4 3 3 3 2 4 
3 2 2 4 3 4 2 4 3 4 3 2 4 4 3 3 2 3 3 4 
3 2 2 4 4 4 4 4 4 3 2 2 3 2 3 2 3 4 4 4 
4 3 2 5 3 2 4 4 4 4 3 4 3 2 3 2 3 2 4 3 
2 5 3 2 4 3 2 4 3 2 5 4 4 4 2 2 4 3 4 3 
2 5 4 4 3 2 3 2 3 2 4 4 4 5 4 4 3 2 4 4 
3 2 2 2 2 4 4 3 2 4 3 2 3 2 3 2 2 3 2 5 
4 3 2 3 2 2 3 2 4 4 4 4 4 3 2 3 4 3 4 3 
2 4 4 3 2 5 4 4 3 2 4 3 3 3 4 4 3 2 3 4 
3 3 2 3 2 2 3 2 3 2 2 4 3 4 3 4 4 3 2 2 
3 2 3 2 3 2 3 2 4 3 2 4 4 4 4 3 4 3 3 2 
2 5 4 4 3 2 2 4 4 3 4 4 4 3 2 5 3 2 5 4 
4 3 2 3 2 3 2 4 4 3 2 3 2 2 4 4 3 2 4 3 
3 2 4 3 4 3 3 3 2 4 3 4 3 3 2 4 4 3 4 3 
3 2 3 2 5 3 2 3 2 2 4 3 2 3 2 4 3 4 3 2 
4 4 3 2 5 4 3 2 2 2 2 4 3 2 4 4 4 4 4 3 
2 3 2 4 4 3 3 2 2 2 2 4 3 2 4 4 4 4 4 3 
2 3 2 3 2 2 2 4 3 4 3 3 2 2 2 2 4 4 4 4 
3 3 2 4 3 3 2 5 4 4 4 3 2 2 4 4 3 4 4 3 
2 4 3 2 4 4 3 2 2 5 4 4 3 2 2 2 4 4 4 3 
2 2 3 2 3 2 4 4 4 4 4 4 3 4 3 3 2 5 4 3 
2 4 4 3 4 3 3 2 4 3 4 3 2 3 3 2 2 4 3 2 
4 4 3 4 3 4 4 4 4 4 4 4 3 3 3 3 3 2 2 3 
2 5 4 3 2 2 3 2 3 2 2 4 3 4 2 4 3 2 2 3 
3 3 2 4 4 3 2 3 2 2 3 2 4 3 2 3 2 2 3 2 
3 2 5 3 4 3 3 3 2 4 4 3 4 3 2 2 3 2 3 2 
5 4 3 4 4 4 3 4 4 5 4 4 3 3 2 2 2 4 3 3 
3 2 3 2 5 4 3 3 2 4 3 3 2 3 4 4 4 3 2 3 
2 5 4 4 3 2 3 2 4 3 2 4 3 4 3 3 3 2 2 3 
2 5 4 4 4 3 2 5 4 3 2 5 4 3 4 3 2 4 4 3 
3 3 2 5 3 2 3 2 2 4 3 3 2 3 2 2 4 4 4 3 
4 3 4 4 4 4 3 4 4 4 5 4 4 4 4 4 4 4 4 4 
4 3 5 4 4 4 3 2 4 4 4 4 4 4 4 4 4 4 3 4 
3 2 3 3 3 2 4 4 4 3 4 3 4 3 2 4 3 3 3 3 
2 2 5 4 4 3 3 2 4 4 3 4 3 3 2 2 2 2 2 2 
4 3 2 2 4 4 3 2 2 4 4 2 4 2 3 2 4 4 4 4 
4 4 3 3 3 4 3 3 2 4 3 2 4 3 4 3 4 4 4 3 
3 2 4 3 2 2 3 2 5 4 4 4 3 3 2 4 3 2 4 3 
2 2 2 4 3 2 2 2 4 4 3 4 3 4 4 4 3 3 3 4 
3 2 4 3 3 3 4 4 2 4 3 3 2 5 3 4 3 4 3 2 
5 4 4 3 4 4 3 2 4 4 3 2 3 2 3 2 3 2 3 2 
5 3 2 4 3 4 3 3 2 3 2 4 4 3 2 2 2 3 2 4 
3 4 3 3 2 3 2 4 3 3 4 5 4 4 3 3 2 4 4 3 
2 4 3 4 3 4 4 3 3 2 4 3 2 3 2 4 4 4 3 4 
3 3 3 3 2 4 4 2 4 3 3 2 2 4 4 3 4 4 4 4 
3 2 4 3 4 3 2 4 3 3 3 2 3 2 4 4 3 2 3 2 
2 4 3 2 4 3 3 4 4 3 4 4 4 3 2 4 4 4 4 4 
3 3 3 4 4 3 2 5 4 4 4 3 3 2 3 3 3 2 4 3 
3 3 2 4 4 4 3 2 4 4 3 4 3 3 2 2 2 4 3 3 
2 4 4 3 3 2 4 3 3 4 3 2 4 4 4 4 3 4 3 3 
3 4 3 4 4 4 3 4 3 4 3 4 4 4 3 3 3 2 2 4 
3 3 4 4 4 4 4 4 3 3 2 3 2 3 2 2 4 3 3 3 
3 2 4 3 4 3 3 2 3 2 4 3 2 3 2 2 2 4 4 4 
4 4 4 4 3 3 2 2 2 2 2 4 3 2 2 4 4 3 4 3 
4 3 4 2 4 3 3 4 4 3 4 3 2 4 3 4 3 4 3 4 
4 3 3 2 3 2 3 2 4 4 4 4 4 4 4 3 2 5 3 2 
4 3 2 3 2 5 4 4 4 4 4 3 3 2 3 2 2 4 3 2 
3 2 5 4 4 3 3 2 2 5 4 3 2 2 2 4 4 4 4 4 
4 4 4 4 3 3 2 5 4 4 3 4 4 3 2 4 3 2 4 3 
2 3 3 2 4 3 2 4 3 4 3 3 2 4 4 3 2 4 4 3 
3 3 2 3 2 3 2 5 4 4 4 3 2 3 2 3 2 2 4 3 
3 2 3 4 2 3 2 4 3 2 5 3 4 3 3 2 2 3 2 2 
4 3 4 3 3 2 4 3 4 3 3 2 5 3 4 4 3 4 3 2 
5 4 4 3 3 2 3 2 5 4 3 2 2 2 2 4 4 3 4 3 
4 4 3 3 3 3 2 2 3 2 3 2 4 3 4 4 5 4 4 2 
3 2 2 4 3 4 3 3 3 3 2 3 2 3 2 3 2 3 3 2 
2 4 3 4 4 4 3 3 5 4 4 3 2 4 3 2 4 3 3 2 
2 2 4 3 4 3 2 4 3 3 3 3 4 2 2 3 4 2 4 3 
3 2 4 4 3 4 3 2 4 4 4 4 4 3 2 2 4 4 4 4 
3 2 5 3 2 5 4 3 3 2 2 5 4 3 2 4 4 3 2 4 
4 3 3 2 5 4 4 3 3 3 3 3 2 2 3 2 2 3 2 3 
2 5 3 3 2 3 2 4 4 4 4 3 2 3 2 5 4 4 4 2 
4 3 3 3 3 2 4 3 2 4 3 2 4 4 3 3 3 2 4 3 
2 2 2 2 4 4 4 4 4 3 3 2 4 4 4 3 2 2 3 2 
3 2 2 4 3 4 4 4 4 4 4 4 4 4 4 4 4 4 3 3 
2 4 3 3 3 4 3 4 3 4 3 4 3 3 2 2 4 3 2 5 
3 4 3 3 2 2 4 3 3 2 4 3 2 4 4 4 4 3 2 3 
4 2 4 3 3 4 3 3 4 3 3 2 3 2 4 4 4 4 4 4 
4 4 3 2 2 2 5 4 4 2 4 3 4 4 4 3 2 3 2 4 
4 3 2 3 2 3 2 5 4 3 3 3 2 4 3 3 4 3 4 4 
4 3 2 2 4 3 4 4 3 3 3 2 4 3 2 2 4 4 4 3 
2 3 2 3 2 4 3 4 3 3 2 4 3 3 3 2 5 3 2 5 
4 3 2 2 5 4 4 3 4 4 3 3 2 5 3 4 3 2 3 2 
5 4 3 2 4 3 2 2 4 3 3 3 4 3 2 5 3 3 2 3 
2 4 3 3 3 2 3 2 5 4 4 4 4 3 2 4 3 3 2 4 
4 3 2 2 4 4 4 3 2 2 3 2 5 4 4 3 3 2 5 3 
2 3 3 2 3 2 4 4 4 3 4 4 3 2 5 3 4 3 3 3 
3 3 4 3 2 2 2 4 4 3 4 3 3 3 2 4 3 2 5 4 
4 4 3 2 3 3 2 3 2 5 3 2 4 3 4 3 2 5 4 4 
3 2 4 3 2 2 4 3 3 2 5 4 3 4 3 2 5 4 3 4 
3 2 2 4 4 3 3 2 3 2 5 4 3 3 3 2 5 3 2 5 
3 2 4 3 2 2 4 3 3 4 3 2 5 3 4 4 3 4 4 4 
4 3 4 3 3 4 4 3 4 4 3 4 4 4 3 2 4 4 4 4 
3 3 2 4 4 2 4 3 3 2 4 4 3 2 4 3 3 3 2 2 
3 2 3 2 2 2 4 4 2 3 2 2 4 3 2 4 3 2 3 2 
4 4 3 2 4 4 3 5 4 3 2 4 3 4 3 3 2 3 2 1 

