0.001449        0.000039        0.998460        0.000052
0.998150        0.000065        0.001755        0.000030
0.000427        0.271307        0.000599        0.727668
0.001449        0.000039        0.998460        0.000052
0.025826        0.000179        0.973813        0.000182
0.998150        0.000065        0.001755        0.000030
0.001449        0.000039        0.998460        0.000052
0.125811        0.000393        0.873431        0.000365
0.004878        0.018097        0.118851        0.858174
0.000030        0.001637        0.000064        0.998269
