0.000164744		0.00164744		0.99648		0.00170735		
0.000555847		0.996863		0.0010463		0.00153457		
0.00104343		0.996465		0.000459217		0.00203251		
0.000863525		0.997375		0.000933333		0.000828142		
0.00045595		0.00184017		0.000668727		0.997035		
0.000438526		0.000504739		0.998793		0.000263767		
0.996309		0.000345785		0.000612707		0.00273291		
0.00076016		0.997176		0.00070829		0.00135577		
0.997172		0.000416296		0.00129723		0.0011146		
0.000654332		0.99757		0.000615842		0.00115951		
0.000941869		0.996477		0.00145012		0.00113145		
0.000321007		0.999168		6.40889e-05		0.000446936		
0.999551		1.03837e-05		0.00021608		0.000222755		
6.92204e-05		8.49014e-05		0.999781		6.46281e-05		
0.999777		4.57682e-05		7.36003e-05		0.000103288		
0.996539		0.00140595		0.000466212		0.00158878		
0.00194089		0.00106276		0.00022291		0.996773		
0.000450485		0.997988		0.00085256		0.000708674		
0.000927641		0.000303233		0.998059		0.000710533		
1.20088e-05		0.000156637		0.999684		0.000147761		
0.00118972		0.00105504		0.996723		0.00103259		
2.77032e-05		0.000606212		0.000428585		0.998938		
0.000116508		0.000495754		0.000344769		0.999043		
0.000393253		0.998629		0.000245122		0.00073272		
3.519e-05		0.00182401		0.00119939		0.996941		
0.000116739		0.999734		3.98907e-05		0.000108995		
0.000117749		5.28523e-05		1.68984e-05		0.999812		
0.000368916		0.997367		0.000854757		0.00140914		
0.000561095		0.000945118		0.99809		0.000403944		
0.00108782		0.000429672		0.998309		0.000173915		
0.00021808		0.999195		0.000525186		6.14213e-05		

