0.2		0.354167		0.330556		0.115278		
1.71025e-05		0.000930866		4.03131e-05		0.999012		
0.194882		0.378346		0.384252		0.0425197		
0.180926		0.114306		0.535063		0.169705		
0.00208912		0.000269907		0.000558941		0.997082		
0.309353		0.0760534		0.167523		0.447071		
0.32191		0.268772		0.367732		0.0415864		
0.299672		0.155738		0.234098		0.310492		
0.997809		0.00110751		2.91817e-05		0.00105471		
0.166068		0.468582		0.267504		0.0978456		
0.999668		7.62385e-05		6.68287e-05		0.000188964		
0.00042756		0.000548894		0.998062		0.000961046		
0.00044303		0.00100725		0.000862221		0.997687		
0.306931		0.343869		0.323686		0.0255141		
0.00137894		0.000747001		0.996594		0.00128031		
0.259259		0.161662		0.421421		0.157658		
4.98484e-05		2.70012e-05		0.000665338		0.999258		
0.997359		0.00123741		0.000837074		0.000566137		
0.000332343		0.000121392		0.9995		4.62649e-05	
