0.342233		0.0819175		0.242718		0.333131		
0.247543		0.338325		0.392606		0.0215255		
0.997168		0.00018779		0.000798583		0.00184566		
0.998008		0.000193021		0.000536562		0.0012626		
0.000258817		0.998914		0.000143103		0.000684017		
0.284423		0.148818		0.311544		0.255216		
0.539037		0.23505		0.0780731		0.147841		
0.302627		0.186831		0.296789		0.213753		
0.215294		0.254118		0.314118		0.216471		
0.000239819		0.999207		0.000367963		0.000185187		
0.000852771		0.00111621		0.000269296		0.997762		
0.261128		0.287092		0.253709		0.198071		
0.000892083		0.000529576		0.997559		0.00101975		
0.233449		0.118467		0.272551		0.375532		
0.000843661		0.00031857		0.997695		0.00114246		
0.000196742		0.998387		0.000924686		0.000491854		
0.000825309		0.997055		0.00122786		0.000892142		
0.00146966		0.000304291		0.00160886		0.996617		
0.00234397		0.000939002		0.996566		0.000150617		
0.997555		0.00104581		0.000681249		0.000718249		
