1.57203e-05		0.000115473		0.999602		0.000267245		
0.011396		0.0769231		0.697056		0.214625		
0.325737		0.233579		0.255362		0.185322		
0.996551		0.00149683		0.00118933		0.000763058		
0.352421		0.166667		0.443669		0.0372439		
3.81944e-05		0.999914		2.3137e-05		2.4606e-05		
0.00210098		0.000493445		0.000225888		0.99718		
0.19721		0.431833		0.191503		0.179455		
0.154273		0.309656		0.294858		0.241213		
0.33981		0.348341		0.143128		0.16872		
0.00107757		0.997418		0.000220027		0.00128443		
0.00205003		0.00151361		0.996133		0.000303553		
0.000365841		0.000379687		0.998742		0.000512284		
0.198919		0.322703		0.0540541		0.424324		
0.000147724		0.999027		0.000534463		0.000290469		
0.000825231		0.997367		0.000474189		0.00133339		
0.998555		0.00053722		9.95357e-05		0.000808557		
0.396497		0.140924		0.344745		0.117834		
0.00215533		0.00136504		0.000143689		0.996336		
0.000376119		0.998879		0.000488309		0.000256665		
