0.11256		0.446377		0.35314		0.0879227		
0.540173		0.0667491		0.0327565		0.360321		
0.118067		0.311807		0.233756		0.336371		
0.275593		0.298618		0.193057		0.232731		
0.996512		0.00161525		0.00106867		0.00080436		
0.346518		0.39037		0.208942		0.0541702		
0.281324		0.200355		0.512411		0.00591017		
0.303813		0.192702		0.226322		0.277163		
0.00262148		0.00017053		0.000528308		0.99668		
0.00052762		0.000159577		0.000277646		0.999035		
0.999363		0.00022681		0.000214439		0.000195469		
3.30663e-05		3.66876e-05		2.00898e-05		0.99991		
0.000197977		0.999168		0.00036111		0.000272944		
0.316625		0.132348		0.312297		0.238731		
0.000490272		0.000167964		0.999125		0.000216764		
5.10112e-05		7.87688e-05		0.99984		3.03763e-05		
0.000205269		0.00107611		0.996566		0.00215222		
0.00139959		0.996238		0.0014302		0.000931927		
0.000155305		0.000188249		0.00162129		0.998035		
0.997734		0.00133819		8.73046e-05		0.000840128		
