0.000307223		3.79288e-05		0.998563		0.00109235		
4.77844e-05		0.000118836		0.999734		9.90043e-05		
0.000854853		0.997918		0.000380885		0.000846293		
0.211702		0.343617		0.0101064		0.434574		
0.000827302		0.00118132		0.000757		0.997234		
0.00119723		0.000832619		3.26517e-05		0.997938		
0.30605		0.314785		0.281786		0.0973795		
0.411888		0.120134		0.25157		0.216409		
0.000765163		0.000912543		0.997062		0.00125979		
0.00102665		0.99816		0.000227439		0.000585751		
0.111524		0.386617		0.501859		0		
0.186412		0.171814		0.202134		0.439641		
0.235072		0.224777		0.310913		0.229238		
0.374056		0.185312		0.349348		0.0912835		
0.00111235		0.997129		0.00095748		0.000801267		
0.296536		0.236641		0.280094		0.186729		
0.00113604		0.000249247		0.99702		0.00159518		
0.00062354		0.000286154		1.99933e-05		0.99907		
0.000729384		0.000635669		0.000595885		0.998039		
0.000969617		0.000205553		0.998738		8.65488e-05		
