0.997535		0.00108053		0.00107496		0.000309357		
0.264819		0.145881		0.296382		0.292918		
0.000466428		0.000893832		0.000706146		0.997934		
0.336006		0.161808		0.00655977		0.495627		
0.998441		0.000751939		5.94048e-05		0.00074725		
0.459286		0.105714		0.239286		0.195714		
0.998805		9.62612e-05		0.000570033		0.000529018		
0.00138022		0.00115412		0.996863		0.000602371		
0.000389824		0.996098		0.00333197		0.00018055		
0.000627782		0.000660232		0.998074		0.000637767		
0.192907		0.246104		0.288017		0.272972		
0.0946815		0.579778		0.263589		0.0619521		
0.414885		0.0778443		0.260907		0.246364		
0.257715		0.175961		0.295615		0.270709		
0.999938		1.41667e-05		4.29167e-05		5.41667e-06		
0.0426338		0.430128		0.0753198		0.451919		
0.000340237		0.000502255		0.998391		0.000766883		
0.00132841		0.00132569		0.996695		0.000650593		
0.0013319		0.996828		0.000390385		0.00144959		
0.000457889		0.998938		0.000250116		0.000354495		
